time (s)	energy (uJ)	charge (mC)	voltage (mV)	crossing#mod 255
5487.698082	1.896899	22.259668	0.085217	86
5488.742672	1.469397	22.236446	0.066081	87
5489.792748	1.838441	22.270765	0.082550	88
5490.837645	2.516893	22.254559	0.113096	89
5491.886355	2.484041	22.271648	0.111534	90
5492.932578	3.181233	22.273733	0.142824	91
5493.981708	1.745537	22.236704	0.078498	92
5495.027110	1.578293	22.227156	0.071007	93
5496.075682	1.940999	22.254259	0.087219	94
5497.122117	2.968942	22.255350	0.133404	95
5498.169207	2.463410	22.262783	0.110652	96
5499.217323	2.232076	22.236374	0.100380	97
5500.264156	1.924913	22.257227	0.086485	98
5501.310036	1.535758	22.251434	0.069018	99
5502.358617	2.531412	22.265450	0.113692	100
5503.405965	2.620147	22.277561	0.117614	101
5504.453081	2.908649	22.249626	0.130728	102
5505.498466	1.594019	22.259054	0.071612	103
5506.549030	1.828660	22.269144	0.082116	104
5507.593229	1.009359	22.268820	0.045326	105
5508.643380	2.377405	22.247517	0.106862	106
5509.687220	2.847337	22.253782	0.127948	107
5510.738774	2.774241	22.240467	0.124738	108
5511.781695	1.336177	22.262674	0.060019	109
5512.832947	2.432244	22.256634	0.109282	110
5513.876523	2.605762	22.216339	0.117290	111
5514.928301	2.655216	22.255177	0.119308	112
5515.986797	3.178817	22.258505	0.142814	113
5517.022566	2.941845	22.235464	0.132304	114
5518.066505	2.209674	22.249735	0.099312	115
5519.116453	2.509124	22.253418	0.112752	116
5520.161738	3.369137	22.246340	0.151447	117
5521.209222	3.270644	22.272654	0.146846	118
5522.257566	2.548959	22.253733	0.114541	119
5523.303740	2.200663	22.255281	0.098883	120
5524.352250	2.006988	22.249237	0.090205	121
5525.396754	3.140465	22.253162	0.141124	122
5526.448130	2.353083	22.234631	0.105830	123
5527.490905	3.138578	22.208910	0.141321	124
5528.542321	2.808410	22.246632	0.126240	125
5529.583916	1.840474	22.256350	0.082694	126
5530.638218	2.216757	22.245127	0.099651	127
5531.679429	3.094079	22.243961	0.139097	128
5532.733239	3.287111	22.251600	0.147725	129
5533.772947	2.351380	22.229940	0.105775	130
5534.828790	2.986856	22.246588	0.134261	131
5535.866954	2.095828	22.243164	0.094223	132
5536.920895	2.479347	22.248240	0.111440	133
5537.963239	3.002038	22.230764	0.135040	134
5539.016491	3.089211	22.257931	0.138792	135
5540.056719	2.412183	22.244099	0.108441	136
5541.110079	2.043379	22.216589	0.091975	137
5542.153552	2.439568	22.250586	0.109641	138
5543.203874	1.956343	22.231619	0.087998	139
5544.248862	3.350860	22.251919	0.150587	140
5545.297150	2.773419	22.234278	0.124736	141
5546.344357	2.592758	22.232512	0.116620	142
5547.391249	2.173517	22.253851	0.097669	143
5548.439200	3.017417	22.239555	0.135678	144
5549.484646	3.762200	22.234821	0.169203	145
5550.535526	3.492187	22.252279	0.156936	146
5551.579773	2.921200	22.244646	0.131321	147
5552.630024	3.955251	22.239134	0.177851	148
5553.673906	1.999308	22.265024	0.089796	149
5554.725853	2.819536	22.238276	0.126788	150
5555.767609	2.915155	22.236555	0.131097	151
5556.835591	4.332310	22.241171	0.194788	152
5557.862494	2.100351	22.239189	0.094444	153
5558.913765	4.018300	22.245930	0.180631	154
5559.957476	2.296899	22.225336	0.103346	155
5561.008118	2.793896	22.231623	0.125672	156
5562.051555	3.561934	22.239292	0.160164	157
5563.103140	3.891982	22.245863	0.174953	158
5564.146764	3.373087	22.224831	0.151771	159
5565.197056	3.538379	22.211401	0.159305	160
5566.241134	2.520051	22.240343	0.113310	161
5567.291073	2.776753	22.252872	0.124782	162
5568.337183	2.394970	22.228428	0.107744	163
5569.385690	3.916680	22.235188	0.176148	164
5570.447655	3.543715	22.238974	0.159347	165
5571.480306	3.348439	22.237595	0.150576	166
5572.525648	1.759039	22.247578	0.079067	167
5573.575071	2.783608	22.245960	0.125129	168
5574.618983	2.490602	22.243944	0.111968	169
5575.670147	2.875738	22.245161	0.129275	170
5576.714792	2.896094	22.234909	0.130250	171
5577.765151	3.271099	22.238104	0.147094	172
5578.809315	2.024123	22.248983	0.090976	173
5579.860787	4.583565	22.249613	0.206007	174
5580.902607	2.199179	22.216684	0.098988	175
5581.954729	3.106704	22.243507	0.139668	176
5582.997179	3.248111	22.245279	0.146014	177
5584.049143	3.940901	22.236233	0.177229	178
5585.092610	2.946620	22.231682	0.132541	179
5586.143407	3.625143	22.242512	0.162983	180
5587.187081	2.725734	22.254288	0.122481	181
5588.237097	3.309875	22.238119	0.148838	182
5589.281714	3.284346	22.211254	0.147869	183
5590.331696	4.048205	22.198700	0.182362	184
5591.377893	3.104769	22.238785	0.139611	185
5592.425280	4.082569	22.233038	0.183626	186
5593.473877	2.586273	22.243608	0.116270	187
5594.518393	3.333330	22.233841	0.149921	188
5595.568325	3.060476	22.247147	0.137567	189
5596.613546	3.953503	22.246225	0.177716	190
5597.663575	3.833392	22.218348	0.172533	191
5598.707141	3.515176	22.194468	0.158381	192
5599.759174	3.782905	22.239304	0.170100	193
5600.801017	3.287288	22.226618	0.147899	194
5601.853582	2.617036	22.231482	0.117718	195
5602.911559	4.408718	22.238264	0.198249	196
5603.949340	2.668266	22.242432	0.119963	197
5604.989340	4.223682	22.237799	0.189933	198
5606.043924	3.437549	22.251030	0.154489	199
5607.082894	3.596924	22.246540	0.161685	200
5608.137809	3.635770	22.233843	0.163524	201
5609.179515	3.939450	22.205765	0.177407	202
5610.232669	2.965419	22.223577	0.133436	203
5611.274742	3.782385	22.232922	0.170125	204
5612.326988	3.731611	22.240597	0.167784	205
5613.369632	2.926526	22.229067	0.131653	206
5614.419938	2.617968	22.239298	0.117718	207
5615.464386	3.467775	22.233078	0.155974	208
5616.513309	2.936216	22.236595	0.132044	209
5617.560508	4.182875	22.234491	0.188126	210
5618.607197	3.202997	22.233561	0.144061	211
5619.655632	4.508821	22.206964	0.203036	212
5620.702026	2.611163	22.231634	0.117453	213
5621.751935	3.883230	22.215441	0.174799	214
5622.795224	3.701855	22.225220	0.166561	215
5623.846422	3.713365	22.238298	0.166981	216
5624.889464	4.336928	22.234970	0.195050	217
5625.942114	4.010441	22.233017	0.180382	218
5626.984649	2.732276	22.195221	0.123102	219
5628.036480	3.387955	22.239780	0.152338	220
5629.079349	4.078139	22.238430	0.183382	221
5630.130586	3.086579	22.182882	0.139142	222
5631.173493	3.210027	22.214920	0.144499	223
5632.225051	4.103894	22.233984	0.184578	224
5633.268786	2.939123	22.233011	0.132196	225
5634.319915	3.712356	22.226194	0.167026	226
5635.363481	2.537449	22.213665	0.114229	227
5636.414300	3.961541	22.235819	0.178160	228
5637.458073	3.645653	22.233093	0.163974	229
5638.509203	4.235740	22.234730	0.190501	230
5639.553170	3.501946	22.192778	0.157797	231
5640.603669	4.702405	22.236271	0.211475	232
5641.647664	3.321945	22.233522	0.149412	233
5642.698383	3.591710	22.232309	0.161554	234
5643.742078	4.206208	22.243948	0.189094	235
5644.792929	4.410987	22.214401	0.198564	236
5645.837002	3.645809	22.229355	0.164009	237
5646.887610	4.284307	22.232010	0.192709	238
5647.930909	2.752155	22.229650	0.123806	239
5648.982818	3.127036	22.229179	0.140673	240
5650.025584	2.779848	22.218302	0.125115	241
5651.077469	4.055851	22.234890	0.182409	242
5652.119884	3.622465	22.235025	0.162917	243
5653.172569	4.671588	22.225307	0.210192	244
5654.214812	3.244085	22.212521	0.146048	245
5655.266011	4.970998	22.242826	0.223488	246
5656.309817	3.023610	22.233839	0.135991	247
5657.360638	3.732980	22.228359	0.167938	248
5658.404801	3.954015	22.218712	0.177959	249
5659.454751	4.051446	22.226528	0.182280	250
5660.499524	3.684746	22.224474	0.165797	251
5661.549056	4.355616	22.239305	0.195852	252
5662.611855	5.306648	22.243614	0.238569	253
5663.643252	3.558904	22.236237	0.160050	254
5664.690759	3.180416	22.212507	0.143181	255
5665.736785	3.666303	22.223866	0.164971	0
5666.786362	3.126950	22.224529	0.140698	1
5667.831015	4.533314	22.229389	0.203933	2
5668.898111	4.744352	22.230114	0.213420	3
5669.924968	3.261060	22.229885	0.146697	4
5670.977134	3.994278	22.229551	0.179683	5
5672.034082	4.320413	22.228401	0.194365	6
5673.071666	3.470671	22.236525	0.156080	7
5674.113065	4.258854	22.232838	0.191557	8
5675.166540	3.558829	22.232437	0.160074	9
5676.223803	5.211514	22.236118	0.234372	10
5677.260771	4.035928	22.228857	0.181563	11
5678.302539	3.811529	22.210163	0.171612	12
5679.356674	4.199220	22.230806	0.188892	13
5680.397988	5.090425	22.225689	0.229033	14
5681.450229	2.874913	22.229425	0.129329	15
5682.492087	4.213123	22.244598	0.189400	16
5683.543987	4.321982	22.230911	0.194413	17
5684.587983	3.557085	22.224230	0.160054	18
5685.638333	3.209467	22.178677	0.144710	19
5686.683354	4.309852	22.235470	0.193828	20
5687.732158	3.547823	22.235630	0.159556	21
5688.779118	4.595548	22.195057	0.207053	22
5689.826449	4.306201	22.229513	0.193716	23
5690.875242	4.682390	22.214249	0.210783	24
5691.920103	4.050060	22.230143	0.182188	25
5692.970007	4.907827	22.232056	0.220755	26
5694.014368	3.860023	22.196678	0.173901	27
5695.065499	4.091335	22.220560	0.184124	28
5696.109092	4.178781	22.225416	0.188018	29
5697.159998	4.694628	22.231691	0.211168	30
5698.203122	4.698737	22.220610	0.211459	31
5699.255126	4.484628	22.229759	0.201740	32
5700.297417	3.697370	22.220718	0.166393	33
5701.349772	4.023869	22.212381	0.181154	34
5702.392160	4.432169	22.225843	0.199415	35
5703.443768	3.860655	22.224163	0.173714	36
5704.487501	4.004517	22.228167	0.180155	37
5705.539413	4.867897	22.228767	0.218991	38
5706.581092	3.674272	22.231918	0.165270	39
5707.633249	3.967895	22.238985	0.178421	40
5708.676855	3.137160	22.209475	0.141253	41
5709.728804	4.413666	22.223057	0.198608	42
5710.771152	4.308113	22.236004	0.193745	43
5711.822725	5.133426	22.195101	0.231286	44
5712.864978	3.794328	22.178104	0.171084	45
5713.917926	5.159927	22.227203	0.232145	46
5714.961035	3.058265	22.223227	0.137616	47
5716.012478	4.517526	22.204357	0.203452	48
5717.054951	4.039834	22.200340	0.181972	49
5718.106659	5.304576	22.221197	0.238717	50
5719.149944	3.452117	22.228254	0.155303	51
5720.201447	5.386291	22.184746	0.242793	52
5721.244876	3.618588	22.209641	0.162929	53
5722.297094	4.295694	22.224411	0.193287	54
5723.339289	4.091309	22.222509	0.184107	55
5724.391771	5.472992	22.207874	0.246444	56
5725.433851	4.676960	22.209629	0.210583	57
5726.485339	5.013463	22.224010	0.225588	58
5727.529917	3.924249	22.217110	0.176632	59
5728.580356	4.622361	22.226776	0.207964	60
5729.624260	4.885464	22.218573	0.219882	61
5730.674394	5.135859	22.195280	0.231394	62
5731.720582	4.169060	22.216000	0.187660	63
5732.767840	5.241406	22.205929	0.236036	64
5733.815279	3.626717	22.223545	0.163193	65
5734.862224	4.212018	22.224628	0.189520	66
5735.910469	3.495652	22.224594	0.157288	67
5736.955958	5.186897	22.228189	0.233348	68
5738.006607	4.824122	22.191330	0.217388	69
5739.050051	4.319746	22.174887	0.194804	70
5740.101733	4.650603	22.216295	0.209333	71
5741.143831	4.247055	22.219669	0.191139	72
5742.196903	3.596900	22.227722	0.161820	73
5743.238973	4.694790	22.231707	0.211175	74
5744.291916	4.788229	22.230150	0.215393	75
5745.333382	4.521059	22.240351	0.203282	76
5746.386478	4.790438	22.219707	0.215594	77
5747.427331	4.303244	22.220551	0.193661	78
5748.481347	4.027776	22.227522	0.181207	79
5749.522987	4.733582	22.205442	0.213172	80
5750.575639	4.831598	22.208908	0.217552	81
5751.617900	4.358715	22.225344	0.196115	82
5752.669182	3.696407	22.227898	0.166296	83
5753.713407	4.321873	22.224312	0.194466	84
5754.763559	3.420288	22.220320	0.153926	85
5755.808045	5.457434	22.227694	0.245524	86
5756.857772	4.360829	22.209454	0.196350	87
5757.904139	4.557145	22.232330	0.204978	88
5758.951797	4.086566	22.221277	0.183903	89
5759.998696	4.448047	22.228983	0.200101	90
5761.045632	5.258049	22.218559	0.236651	91
5762.094265	5.574996	22.201704	0.251107	92
5763.140618	4.176024	22.184299	0.188242	93
5764.189884	4.397189	22.219303	0.197900	94
5765.234593	3.516114	22.220011	0.158241	95
5766.285065	4.432296	22.194538	0.199702	96
5767.328411	4.395957	22.229683	0.197752	97
5768.379621	5.901731	22.223011	0.265568	98
5769.423700	3.985991	22.193979	0.179598	99
5770.474392	4.527879	22.224483	0.203734	100
5771.534123	5.545272	22.216862	0.249597	101
5772.569888	4.460255	22.210983	0.200813	102
5773.612636	4.852849	22.223276	0.218368	103
5774.663843	5.315949	22.200815	0.239448	104
5775.706857	4.131525	22.216461	0.185967	105
5776.758589	4.799550	22.222330	0.215979	106
5777.801782	5.437340	22.230900	0.244585	107
5778.853740	4.593281	22.196371	0.206938	108
5779.897165	5.209883	22.223618	0.234430	109
5780.948772	5.335433	22.222340	0.240093	110
5781.991817	4.226808	22.228251	0.190155	111
5783.060305	5.673280	22.224794	0.255268	112
5784.086027	4.908535	22.236473	0.220742	113
5785.137959	5.167406	22.213896	0.232620	114
5786.180653	5.527118	22.221889	0.248724	115
5787.233600	5.512082	22.222755	0.248038	116
5788.275955	4.292565	22.235508	0.193050	117
5789.328266	4.632681	22.211691	0.208570	118
5790.370586	4.992859	22.221384	0.224687	119
5791.422470	4.891422	22.224710	0.220089	120
5792.465020	5.547704	22.196627	0.249935	121
5793.517705	5.488266	22.216991	0.247030	122
5794.559806	4.713716	22.217945	0.212158	123
5795.612012	4.542503	22.215393	0.204475	124
5796.655326	4.730314	22.230164	0.212788	125
