time (s)	energy (uJ)	charge (mC)	voltage (mV)	crossing#mod 255
3710.064119	9.962239	12.495407	0.797272	184
3710.064119	9.962239	12.495407	0.797272	185
3711.099434	10.294644	12.503710	0.823327	186
3712.158997	9.490836	12.521397	0.757969	187
3713.191816	10.374752	12.518146	0.828777	188
3714.255294	9.396538	12.516809	0.750714	189
3715.287688	9.769418	12.524390	0.780032	190
3716.348299	10.166094	12.508831	0.812713	191
3717.381432	10.132246	12.514507	0.809640	192
3718.456517	11.491832	12.481433	0.920714	193
3719.476793	10.228816	12.501749	0.818191	194
3720.538773	9.408839	12.451624	0.755632	195
3721.571824	10.594437	12.520161	0.846190	196
3722.633003	9.455502	12.488157	0.757158	197
3723.668605	10.288279	12.443501	0.826799	198
3724.725118	9.587045	12.487326	0.767742	199
3725.763576	10.508040	12.509630	0.839996	200
3726.818868	10.071482	12.491885	0.806242	201
3727.861029	10.632564	12.492426	0.851121	202
3728.911105	9.794881	12.451315	0.786654	203
3729.957475	10.688618	12.504295	0.854796	204
3731.003603	9.238633	12.506227	0.738723	205
3732.054188	10.013982	12.480149	0.802393	206
3733.097450	9.751422	12.459250	0.782665	207
3734.148829	10.874704	12.507975	0.869422	208
3735.192475	9.848192	12.512808	0.787049	209
3736.243577	10.434662	12.504202	0.834493	210
3737.287746	9.893863	12.496936	0.791703	211
3738.338004	9.718448	12.499397	0.777513	212
3739.384063	10.161745	12.490987	0.813526	213
3740.430098	10.001928	12.516175	0.799120	214
3741.480910	10.451224	12.502530	0.835929	215
3742.523544	9.598562	12.449080	0.771026	216
3743.577718	10.328876	12.495312	0.826620	217
3744.615746	10.178856	12.501744	0.814195	218
3745.673898	10.156372	12.477483	0.813976	219
3746.709086	9.877155	12.457343	0.792878	220
3747.769117	10.596925	12.497749	0.847907	221
3748.802453	9.765680	12.490702	0.781836	222
3749.865146	10.480120	12.520006	0.837070	223
3750.897127	10.131876	12.508670	0.809988	224
3751.959867	10.602293	12.438275	0.852393	225
3752.991567	9.967617	12.499961	0.797412	226
3754.054652	10.251287	12.512575	0.819279	227
3755.086534	9.463552	12.485765	0.757947	228
3756.149106	10.479099	12.486616	0.839227	229
3757.181482	9.718839	12.504422	0.777232	230
3758.243439	10.663014	12.499807	0.853054	231
3759.278192	9.926785	12.431657	0.798509	232
3760.337167	9.928141	12.509376	0.793656	233
3761.373376	10.195548	12.510270	0.814974	234
3762.429694	10.066025	12.481057	0.806504	235
3763.470437	9.612349	12.508145	0.768487	236
3764.523012	10.669775	12.489176	0.854322	237
3765.566521	9.706685	12.513147	0.775719	238
3766.615768	10.175510	12.496557	0.814265	239
3767.663409	9.885390	12.497494	0.790990	240
3768.708951	10.320478	12.494427	0.826007	241
3769.758889	10.698005	12.504686	0.855520	242
3770.802867	10.116486	12.505694	0.808950	243
3771.854027	10.979572	12.498720	0.878456	244
3772.896670	9.867381	12.439651	0.793220	245
3773.948733	10.312958	12.501998	0.824905	246
3774.992561	10.103485	12.506829	0.807837	247
3776.042241	11.142862	12.508660	0.890812	248
3777.088096	9.968274	12.508309	0.796932	249
3778.135601	10.919992	12.507267	0.873092	250
3779.185112	9.725521	12.506341	0.777647	251
3780.240271	12.194660	12.504170	0.975248	252
3781.281223	9.736744	12.503837	0.778701	253
3782.333854	12.198497	12.501023	0.975800	254
3783.377038	9.634776	12.500258	0.770766	255
3784.415593	10.174490	12.496986	0.814156	0
3785.472665	10.216744	12.496778	0.817550	1
3786.509660	10.181001	12.491363	0.815043	2
3787.567984	10.492728	12.494568	0.839783	3
3788.604358	10.285406	12.496640	0.823054	4
3789.662975	10.009980	12.499279	0.800845	5
3790.698480	10.402441	12.476336	0.833774	6
3791.757305	9.788090	12.504825	0.782745	7
3792.793698	10.309691	12.492395	0.825277	8
3793.851492	10.044436	12.499588	0.803581	9
3794.889842	9.929562	12.493362	0.794787	10
3795.944866	9.733700	12.489210	0.779369	11
3796.985145	10.673056	12.488748	0.854614	12
3798.038403	9.591187	12.484560	0.768244	13
3799.080912	10.725224	12.495825	0.858305	14
3800.132327	9.772292	12.487634	0.782558	15
3801.177914	10.418479	12.483493	0.834580	16
3802.225394	9.692804	12.491669	0.775942	17
3803.273243	10.390306	12.494291	0.831604	18
3804.318408	9.761088	12.502428	0.780735	19
3805.368963	10.421622	12.502480	0.833564	20
3806.412270	10.052526	12.503144	0.804000	21
3807.464084	10.853641	12.462311	0.870917	22
3808.507211	9.749798	12.479636	0.781257	23
3809.570728	11.760453	12.486787	0.941832	24
3810.602891	10.043299	12.484261	0.804477	25
3811.663793	11.516577	12.474133	0.923237	26
3812.699356	10.477566	12.492171	0.838731	27
3813.745546	10.461984	12.508633	0.836381	28
3814.795481	10.314658	12.498315	0.825284	29
3815.850363	11.613209	12.507710	0.928484	30
3816.891648	10.543821	12.499871	0.843514	31
3817.932187	10.255416	12.481608	0.821642	32
3818.987621	10.420727	12.465963	0.835934	33
3820.025482	10.190220	12.433100	0.819604	34
3821.083166	10.591489	12.489707	0.848017	35
3822.119382	9.770459	12.474134	0.783257	36
3823.178408	10.810463	12.499763	0.864854	37
3824.214179	10.205921	12.506145	0.816073	38
3825.273353	10.309072	12.488271	0.825500	39
3826.308304	10.042522	12.455904	0.806246	40
3827.368136	10.186587	12.425846	0.819790	41
3828.415392	11.442965	12.479520	0.916940	42
3829.462839	10.538529	12.479672	0.844456	43
3830.498345	10.459168	12.477789	0.838223	44
3831.555813	10.276183	12.505677	0.821721	45
3832.594482	10.342119	12.495303	0.827681	46
3833.649246	10.918928	12.497273	0.873705	47
3834.690344	9.802262	12.489080	0.784867	48
3835.754644	12.263618	12.475492	0.983017	49
3836.787333	9.933256	12.478739	0.796014	50
3837.836253	10.002865	12.502220	0.800087	51
3838.882703	10.681355	12.498525	0.854609	52
3839.929436	10.165845	12.503854	0.813017	53
3840.978717	10.909027	12.490269	0.873402	54
3842.022635	10.099567	12.490361	0.808589	55
3843.074231	10.462684	12.492360	0.837527	56
3844.117431	10.271824	12.475855	0.823336	57
3845.169113	10.856297	12.497136	0.868703	58
3846.212102	10.243341	12.512288	0.818663	59
3847.263599	10.907174	12.490708	0.873223	60
3848.307297	10.003549	12.490227	0.800910	61
3849.356659	10.467316	12.487783	0.838204	62
3850.403860	10.222745	12.499000	0.817885	63
3851.450264	10.918015	12.513358	0.872509	64
3852.499371	10.456818	12.487269	0.837398	65
3853.543892	10.454254	12.477078	0.837877	66
3854.595171	9.892528	12.475746	0.792941	67
3855.637617	10.671471	12.475429	0.855399	68
3856.691169	9.917100	12.502542	0.793207	69
3857.731963	10.366161	12.480542	0.830586	70
3858.786051	10.224916	12.497931	0.818129	71
3859.825492	10.302748	12.480120	0.825533	72
3860.881644	9.859035	12.474645	0.790326	73
3861.920909	10.580543	12.493178	0.846906	74
3862.975906	10.115240	12.491448	0.809773	75
3864.015636	10.042324	12.497415	0.803552	76
3865.070031	10.234432	12.503126	0.818550	77
3866.110676	10.297742	12.444449	0.827497	78
3867.164122	10.093180	12.486341	0.808338	79
3868.206094	10.654284	12.497451	0.852517	80
3869.258061	10.327656	12.488214	0.826992	81
3870.301882	10.491082	12.477143	0.840824	82
3871.351236	9.809074	12.487679	0.785500	83
3872.397609	10.437827	12.480227	0.836349	84
3873.444929	10.227273	12.480056	0.819489	85
3874.494038	10.885987	12.485746	0.871873	86
3875.538642	10.439506	12.486040	0.836094	87
3876.588976	11.024192	12.496885	0.882155	88
3877.632697	9.738501	12.502996	0.778893	89
3878.684063	10.623507	12.499655	0.849904	90
3879.727620	10.134152	12.487662	0.811533	91
3880.778989	11.034212	12.497909	0.882885	92
3881.822424	9.758758	12.492499	0.781169	93
3882.873114	10.482635	12.485966	0.839553	94
3883.917649	10.151830	12.482006	0.813317	95
3884.966490	10.145476	12.479362	0.812980	96
3886.013435	10.504416	12.483576	0.841459	97
3887.060080	10.689085	12.485545	0.856117	98
3888.109759	10.626481	12.490783	0.850746	99
3889.153629	10.232435	12.497671	0.818747	100
3890.205116	10.379373	12.493099	0.830809	101
3891.247008	10.399156	12.501594	0.831826	102
3892.301123	10.693583	12.502350	0.855326	103
3893.340964	10.065331	12.491517	0.805773	104
3894.395962	10.661851	12.491541	0.853526	105
3895.435521	9.945393	12.478035	0.797032	106
3896.491389	10.310925	12.491512	0.825435	107
3897.529970	10.366025	12.501021	0.829214	108
3898.585854	10.475572	12.498577	0.838141	109
3899.624498	10.176815	12.476777	0.815661	110
3900.680182	10.899434	12.474554	0.873733	111
3901.719470	10.476337	12.502962	0.837908	112
3902.774059	10.342257	12.496248	0.827629	113
3903.815579	10.282793	12.494864	0.822962	114
3904.868648	10.597704	12.498978	0.847886	115
3905.910844	10.081841	12.466564	0.808711	116
3906.961524	10.252165	12.501830	0.820053	117
3908.007169	10.280782	12.487028	0.823317	118
3909.055412	10.581219	12.489785	0.847190	119
3910.102813	10.516947	12.491366	0.841937	120
3911.148865	9.927232	12.493269	0.794606	121
3912.198364	10.119823	12.499267	0.809633	122
3913.242073	10.043805	12.492908	0.803961	123
3914.293756	10.615820	12.498428	0.849372	124
3915.336998	10.391305	12.498218	0.831423	125
3916.388831	10.877746	12.481643	0.871500	126
3917.431402	9.939859	12.506702	0.794763	127
3918.483326	10.238133	12.479919	0.820369	128
3919.526457	10.287116	12.497126	0.823159	129
3920.589456	11.655908	12.477007	0.934191	130
3921.621699	10.253554	12.445928	0.823848	131
3922.683087	12.368980	12.502123	0.989350	132
3923.717595	9.826334	12.496872	0.786304	133
3924.764645	10.632213	12.491333	0.851167	134
3925.813097	9.887863	12.494393	0.791384	135
3926.858662	10.852775	12.469578	0.870340	136
3927.908754	10.311941	12.479733	0.826295	137
3928.952577	10.321420	12.466276	0.827947	138
3930.004462	9.872979	12.454943	0.792696	139
3931.047137	10.407568	12.484031	0.833671	140
3932.098772	9.936466	12.488901	0.795624	141
3933.141858	10.578065	12.479005	0.847669	142
3934.193590	10.439089	12.486249	0.836047	143
3935.236594	10.308597	12.491508	0.825248	144
3936.288503	9.885621	12.481716	0.792008	145
3937.331249	10.885979	12.471072	0.872898	146
3938.382016	10.791354	12.485891	0.864284	147
3939.426891	10.792686	12.488840	0.864187	148
3940.476894	10.329582	12.430225	0.831005	149
3941.521968	10.413451	12.478169	0.834534	150
3942.569754	9.976383	12.479621	0.799414	151
3943.618395	10.421899	12.495831	0.834030	152
3944.664053	10.377960	12.495852	0.830512	153
3945.713401	10.796405	12.478814	0.865179	154
3946.758215	10.126968	12.496663	0.810374	155
3947.808961	10.271875	12.438542	0.825810	156
3948.851838	9.933380	12.503091	0.794474	157
3949.903724	10.379188	12.488813	0.831079	158
3950.946750	10.105094	12.480155	0.809693	159
3951.999349	10.750629	12.479599	0.861456	160
3953.041647	9.827226	12.490294	0.786789	161
3954.093255	10.258672	12.483962	0.821748	162
3955.136594	10.056037	12.500315	0.804463	163
3956.187191	10.146790	12.496863	0.811947	164
3957.232537	10.139571	12.468654	0.813205	165
3958.280668	10.850002	12.501565	0.867892	166
3959.327717	10.384557	12.490585	0.831391	167
3960.374422	10.092828	12.491703	0.807963	168
3961.435493	12.010612	12.488015	0.961771	169
3962.468193	10.551677	12.425447	0.849199	170
3963.519229	10.743783	12.474656	0.861249	171
3964.562603	10.259420	12.481600	0.821964	172
3965.614795	10.665606	12.491127	0.853855	173
3966.657125	10.212471	12.487526	0.817814	174
3967.721643	12.007215	12.465164	0.963262	175
3968.751238	10.239610	12.474361	0.820853	176
3969.804865	10.984960	12.478003	0.880346	177
3970.845693	10.233201	12.496619	0.818878	178
3971.911331	11.996858	12.497404	0.959948	179
3972.940301	10.241500	12.467703	0.821442	180
3973.993794	10.207373	12.472103	0.818416	181
3975.036062	10.594982	12.483663	0.848708	182
