time (s)	energy (uJ)	charge (mC)	voltage (mV)	crossing#mod 255
3285.202195	8.979184	9.286782	0.966878	38
3286.244905	8.408401	9.294031	0.904710	39
3287.293384	8.932471	9.260281	0.964601	40
3288.341331	8.209364	9.278810	0.884743	41
3289.390746	8.373130	9.275167	0.902747	42
3290.446215	9.974075	9.293030	1.073286	43
3291.480919	8.850636	9.294808	0.952213	44
3292.532461	8.883456	9.261791	0.959151	45
3293.577884	8.295958	9.288809	0.893113	46
3294.626801	8.937511	9.267874	0.964354	47
3295.668294	9.048501	9.285954	0.974429	48
3296.723360	8.552324	9.259999	0.923577	49
3297.765762	7.850253	9.263082	0.847478	50
3298.818143	9.124423	9.293895	0.981765	51
3299.856672	8.984054	9.264098	0.969771	52
3300.913329	9.433858	9.300460	1.014343	53
3301.954169	8.034582	9.287156	0.865128	54
3303.007812	9.155294	9.281443	0.986409	55
3304.046366	9.235346	9.265082	0.996791	56
3305.102449	8.506037	9.275122	0.917081	57
3306.144451	8.392653	9.234915	0.908796	58
3307.194971	9.472676	9.263771	1.022551	59
3308.237539	8.474098	9.282893	0.912873	60
3309.289816	9.133086	9.274698	0.984731	61
3310.335678	8.258686	9.258085	0.892051	62
3311.382281	9.015290	9.275246	0.971973	63
3312.428736	9.259536	9.277596	0.998053	64
3313.477030	8.769374	9.229364	0.950160	65
3314.526772	9.167126	9.280018	0.987835	66
3315.569260	8.780075	9.287212	0.945394	67
3316.620825	8.456177	9.248677	0.914312	68
3317.665196	8.591232	9.280169	0.925762	69
3318.715679	9.088166	9.290844	0.978185	70
3319.757886	8.777595	9.268457	0.947039	71
3320.810471	9.036407	9.248579	0.977059	72
3321.853804	8.532939	9.278762	0.919620	73
3322.904232	9.390311	9.253757	1.014757	74
3323.948529	8.509844	9.283132	0.916700	75
3324.998990	8.840918	9.272377	0.953468	76
3326.044230	8.850679	9.280494	0.953686	77
3327.092042	9.598232	9.283177	1.033938	78
3328.140006	8.399227	9.279663	0.905122	79
3329.186976	8.948156	9.244234	0.967972	80
3330.235176	8.520011	9.281584	0.917948	81
3331.279323	9.236864	9.243034	0.999332	82
3332.331335	8.461341	9.289156	0.910884	83
3333.374417	9.070396	9.279459	0.977470	84
3334.426158	9.040090	9.263008	0.975935	85
3335.467583	9.293350	9.281417	1.001286	86
3336.521610	8.479646	9.271684	0.914575	87
3337.562880	9.067513	9.271063	0.978045	88
3338.615296	8.785975	9.251801	0.949650	89
3339.656893	9.420086	9.276792	1.015447	90
3340.710425	8.403966	9.286245	0.904991	91
3341.752824	9.050482	9.274252	0.975872	92
3342.803593	8.855288	9.271894	0.955068	93
3343.847180	9.336682	9.277935	1.006332	94
3344.898008	8.354370	9.271412	0.901089	95
3345.954163	9.954888	9.284230	1.072236	96
3346.991745	8.806549	9.281640	0.948814	97
3348.038693	9.570437	9.262062	1.033295	98
3349.085896	8.614967	9.275889	0.928748	99
3350.134393	9.168501	9.242116	0.992035	100
3351.178809	8.719299	9.274043	0.940183	101
3352.229693	9.149131	9.262247	0.987787	102
3353.272769	8.973675	9.282671	0.966713	103
3354.324761	8.825666	9.291222	0.949893	104
3355.367590	8.945624	9.259030	0.966151	105
3356.419242	9.384883	9.247240	1.014885	106
3357.462088	8.621570	9.283034	0.928745	107
3358.513753	9.074850	9.272645	0.978669	108
3359.557782	8.801316	9.289088	0.947490	109
3360.619368	10.162405	9.281425	1.094919	110
3361.652408	9.184375	9.262263	0.991591	111
3362.701580	9.051044	9.285557	0.974744	112
3363.747950	9.280487	9.282124	0.999824	113
3364.795217	8.943189	9.246376	0.967210	114
3365.843571	8.946263	9.280473	0.963988	115
3366.889731	8.757050	9.283398	0.943302	116
3367.939491	9.263794	9.252336	1.001238	117
3368.983929	8.918136	9.290819	0.959887	118
3370.033992	9.376586	9.276250	1.010816	119
3371.077492	8.758726	9.279441	0.943885	120
3372.129534	8.734343	9.281983	0.941000	121
3373.172334	8.777746	9.263082	0.947605	122
3374.224029	9.265676	9.291230	0.997250	123
3375.266796	9.000312	9.307156	0.967031	124
3376.318621	9.303442	9.260324	1.004656	125
3377.361942	8.748317	9.285440	0.942154	126
3378.412071	8.983878	9.252920	0.970924	127
3379.456288	8.683763	9.278531	0.935898	128
3380.517269	10.158535	9.279607	1.094716	129
3381.552464	9.076452	9.280720	0.977990	130
3382.600753	9.103834	9.258739	0.983269	131
3383.647855	9.274895	9.269748	1.000555	132
3384.694099	8.982200	9.262670	0.969721	133
3385.743142	9.075990	9.276273	0.978409	134
3386.787563	8.838749	9.287514	0.951681	135
3387.838185	8.980949	9.290894	0.966640	136
3388.881749	9.212011	9.282187	0.992440	137
3389.933717	9.297890	9.290396	1.000807	138
3390.976266	8.583657	9.276494	0.925313	139
3392.028937	9.245550	9.288103	0.995419	140
3393.070896	9.044436	9.270558	0.975609	141
3394.123292	9.090559	9.280046	0.979581	142
3395.165711	9.046926	9.247022	0.978361	143
3396.217377	9.480392	9.249162	1.025000	144
3397.260453	9.248274	9.284690	0.996078	145
3398.310835	9.626076	9.281120	1.037168	146
3399.356652	8.692369	9.271582	0.937528	147
3400.404229	9.360429	9.289236	1.007664	148
3401.451832	8.814298	9.269734	0.950868	149
3402.498246	9.504677	9.246724	1.027897	150
3403.547366	9.010660	9.296773	0.969225	151
3404.592324	9.634232	9.274262	1.038814	152
3405.641895	8.831874	9.265676	0.953182	153
3406.697300	10.524734	9.272899	1.134999	154
3407.737547	8.900599	9.269556	0.960197	155
3408.781544	9.439111	9.260083	1.019333	156
3409.832289	9.148951	9.255553	0.988482	157
3410.876011	9.523425	9.279198	1.026320	158
3411.926821	9.037971	9.279329	0.973990	159
3412.971002	9.365442	9.288597	1.008273	160
3414.020701	8.996326	9.260655	0.971457	161
3415.076930	10.419388	9.289328	1.121652	162
3416.115178	9.010373	9.294297	0.969452	163
3417.161653	9.433018	9.253835	1.019363	164
3418.208862	8.853727	9.271720	0.954917	165
3419.256494	9.318738	9.229759	1.009640	166
3420.302979	9.055525	9.282002	0.975600	167
3421.352062	9.715127	9.283255	1.046522	168
3422.396500	9.222878	9.270373	0.994877	169
3423.447199	9.454717	9.285188	1.018258	170
3424.490877	8.930238	9.267788	0.963578	171
3425.542182	9.381950	9.289068	1.009999	172
3426.584846	9.212625	9.276954	0.993066	173
3427.637498	9.425577	9.254140	1.018525	174
3428.680016	8.931102	9.268188	0.963630	175
3429.731832	9.563673	9.263567	1.032396	176
3430.774066	8.948090	9.278790	0.964360	177
3431.825559	9.348495	9.260464	1.009506	178
3432.869627	9.168950	9.282442	0.987774	179
3433.919973	9.510883	9.276485	1.025268	180
3434.964503	8.977297	9.283437	0.967023	181
3436.013874	9.254160	9.278571	0.997369	182
3437.060195	9.092477	9.273999	0.980427	183
3438.108220	9.088950	9.259703	0.981560	184
3439.155092	9.352634	9.250072	1.011088	185
3440.202380	9.132316	9.244856	0.987827	186
3441.250568	9.356395	9.277912	1.008459	187
3442.295957	9.304656	9.288687	1.001719	188
3443.345287	9.215793	9.275172	0.993598	189
3444.390866	9.323221	9.240780	1.008922	190
3445.440030	9.275353	9.282775	0.999201	191
3446.485129	9.389869	9.252520	1.014845	192
3447.534546	8.976630	9.241127	0.971378	193
3448.580050	9.162131	9.275092	0.987821	194
3449.628743	9.272990	9.281257	0.999109	195
3450.674469	9.482844	9.286928	1.021096	196
3451.722755	9.335270	9.280616	1.005889	197
3452.770067	9.399084	9.262376	1.014760	198
3453.816876	8.928773	9.242431	0.966063	199
3454.865498	9.113343	9.275397	0.982529	200
3455.911046	9.081871	9.259539	0.980813	201
3456.961115	8.967175	9.271498	0.967177	202
3458.004737	9.378872	9.273297	1.011385	203
3459.056170	9.452113	9.266329	1.020049	204
3460.099342	8.949057	9.264491	0.965952	205
3461.150396	9.285686	9.291281	0.999398	206
3462.193150	8.976496	9.251507	0.970274	207
3463.245884	9.285062	9.248494	1.003954	208
3464.288237	9.217961	9.275508	0.993796	209
3465.340252	9.589669	9.265750	1.034959	210
3466.382932	9.185474	9.250227	0.993000	211
3467.434432	9.527223	9.274546	1.027244	212
3468.478102	8.974201	9.283377	0.966696	213
3469.528544	9.207603	9.245307	0.995922	214
3470.572942	9.081400	9.264247	0.980263	215
3471.622303	9.346714	9.263967	1.008932	216
3472.668321	9.200580	9.259963	0.993587	217
3473.727317	10.398798	9.270516	1.121707	218
3474.763376	9.346590	9.287144	1.006401	219
3475.810700	9.240807	9.292759	0.994409	220
3476.858059	9.135879	9.253408	0.987299	221
3477.904950	9.420706	9.277666	1.015418	222
3478.953263	9.055751	9.282876	0.975533	223
3479.999371	9.316968	9.278651	1.004130	224
3481.048726	9.000786	9.253547	0.972685	225
3482.094416	9.325999	9.251328	1.008072	226
3483.142597	8.890307	9.281183	0.957885	227
3484.188133	9.421944	9.287309	1.014497	228
3485.237553	9.038603	9.252655	0.976866	229
3486.283352	9.597226	9.250390	1.037494	230
3487.331374	9.339382	9.278831	1.006526	231
3488.378584	9.402291	9.275910	1.013625	232
3489.425700	9.310275	9.278041	1.003474	233
3490.473315	9.368823	9.276623	1.009939	234
3491.519694	9.113368	9.264688	0.983667	235
3492.568773	9.426525	9.277830	1.016027	236
3493.613606	9.426501	9.247621	1.019343	237
3494.663841	9.719351	9.277357	1.047642	238
3495.707901	9.295525	9.281797	1.001479	239
3496.759178	9.514049	9.264221	1.026967	240
3497.812327	10.290296	9.278409	1.109058	241
3498.864760	10.258528	9.299474	1.103130	242
3499.896275	9.471440	9.277164	1.020941	243
3500.948029	9.382549	9.279757	1.011077	244
3501.991059	9.390440	9.277492	1.012174	245
3503.043122	9.446994	9.241106	1.022280	246
3504.086119	8.987205	9.273943	0.969081	247
3505.137309	9.349706	9.285962	1.006865	248
3506.180641	9.075359	9.282774	0.977656	249
3507.231596	9.303366	9.252915	1.005452	250
3508.276047	9.330307	9.292981	1.004017	251
3509.325369	9.524633	9.257391	1.028868	252
3510.371359	9.342396	9.256255	1.009306	253
3511.420089	9.290977	9.278725	1.001320	254
3512.466616	9.079539	9.286035	0.977763	255
3513.513835	9.276939	9.261200	1.001700	0
3514.561586	9.363059	9.261205	1.010998	1
3515.608410	9.391623	9.267282	1.013417	2
3516.656407	9.310608	9.270605	1.004315	3
3517.702871	9.538351	9.283613	1.027440	4
3518.750863	9.220031	9.279628	0.993578	5
3519.797484	9.222059	9.254031	0.996545	6
3520.845497	9.178444	9.282413	0.988799	7
3521.892554	9.358317	9.295377	1.006771	8
3522.939447	9.330086	9.237916	1.009977	9
3523.987386	9.390727	9.260173	1.014098	10
3525.033467	9.029275	9.264887	0.974569	11
3526.082225	9.131374	9.274462	0.984572	12
3527.127887	9.264703	9.278420	0.998522	13
3528.177545	9.439848	9.270295	1.018290	14
3529.222544	9.201027	9.253016	0.994381	15
3530.272935	9.544674	9.243501	1.032582	16
3531.316682	9.215284	9.256926	0.995502	17
3532.367659	9.594095	9.273766	1.034542	18
3533.410372	9.173361	9.278070	0.988714	19
3534.462636	9.324412	9.262085	1.006729	20
3535.505168	9.224397	9.266692	0.995436	21
3536.557230	9.708517	9.278080	1.046393	22
3537.599993	9.113749	9.246532	0.985640	23
3538.652332	9.388146	9.251960	1.014720	24
3539.694716	9.118221	9.257298	0.984977	25
3540.745458	9.379172	9.248126	1.014170	26
3541.790016	9.287014	9.277892	1.000983	27
3542.840607	9.478409	9.280392	1.021337	28
