crossing time (s)	slope (V/s)	crossing number
1183.250376	16.884892	1052
1184.300346	16.007789	1053
1185.346659	17.164384	1054
1186.394095	16.681264	1055
1187.441930	16.277399	1056
1188.496276	17.571170	1057
1189.534873	16.511977	1058
1190.587241	17.281697	1059
1191.629844	17.079988	1060
1192.687511	17.245454	1061
1193.726006	17.852283	1062
1194.775652	17.379292	1063
1195.822576	16.826604	1064
1196.871333	18.079061	1065
1197.917345	17.396357	1066
1198.968289	17.813140	1067
1200.013322	17.829004	1068
1201.063717	17.549137	1069
1202.110010	18.342665	1070
1203.154155	17.861373	1071
1204.206635	17.715700	1072
1205.252820	18.707116	1073
1206.300398	18.087461	1074
1207.346914	18.711314	1075
1208.395055	18.345879	1076
1209.440408	18.228753	1077
1210.493448	18.887447	1078
1211.535791	18.745853	1079
1212.589577	18.031309	1080
1213.630618	19.675328	1081
1214.684475	18.664937	1082
1215.726403	19.180909	1083
1216.778255	18.702593	1084
1217.823580	19.040416	1085
1218.874354	19.405267	1086
1219.917661	19.651649	1087
1220.969188	19.197634	1088
1222.012200	19.774731	1089
1223.061963	19.184540	1090
1224.109572	19.614087	1091
1225.159374	19.594300	1092
1226.203504	19.687256	1093
1227.255653	19.578684	1094
1228.296213	20.089532	1095
1229.352440	19.584071	1096
1230.395093	20.319330	1097
1231.443929	20.109995	1098
1232.488806	20.045272	1099
1233.540176	20.181708	1100
1234.586041	20.380488	1101
1235.636227	20.506496	1102
1236.677636	20.451642	1103
1237.730933	20.164053	1104
1238.773725	20.927214	1105
1239.825503	20.312315	1106
1240.872584	20.835852	1107
1241.920813	20.482672	1108
1242.965708	21.163072	1109
1244.016719	20.893917	1110
1245.058740	21.113846	1111
1246.112575	20.934998	1112
1247.154746	21.302750	1113
1248.205793	21.108067	1114
1249.252524	21.579220	1115
1250.302536	20.866422	1116
1251.347185	21.203063	1117
1252.395925	21.312370	1118
1253.439629	21.446947	1119
1254.489821	21.743478	1120
1255.534159	21.488980	1121
1256.585870	21.201107	1122
1257.633822	21.632935	1123
1258.679841	21.603756	1124
1259.728040	21.891686	1125
1260.773492	21.725170	1126
1261.822446	21.826520	1127
1262.875137	21.230041	1128
1263.918046	21.935063	1129
1264.971242	21.816327	1130
1266.014252	22.478553	1131
1267.060230	21.922069	1132
1268.109511	22.588622	1133
1269.155500	22.182460	1134
1270.202847	22.534853	1135
1271.250770	22.030710	1136
1272.302029	22.508769	1137
1273.344529	22.538558	1138
1274.396517	22.235104	1139
1275.440678	21.867230	1140
1276.482775	22.420310	1141
1277.533780	22.776727	1142
1278.584462	22.910554	1143
1279.635822	22.738578	1144
1280.678752	23.312789	1145
1281.729085	23.311497	1146
1282.771267	23.183636	1147
1283.827589	22.516488	1148
1284.868419	23.553931	1149
1285.919357	22.549155	1150
1286.961922	23.573088	1151
1288.015067	23.382035	1152
1289.059532	23.568653	1153
1290.109390	23.290092	1154
1291.152398	23.595997	1155
1292.205288	23.105095	1156
1293.249431	23.774287	1157
1294.297903	23.457307	1158
1295.342486	23.639124	1159
1296.393919	23.577031	1160
1297.437198	23.524398	1161
1298.488921	23.562551	1162
1299.531534	23.648659	1163
1300.586563	23.544344	1164
1301.628284	23.527723	1165
1302.679497	23.987669	1166
1303.721571	23.836597	1167
1304.776573	23.717191	1168
1305.821226	23.878171	1169
1306.870195	23.991171	1170
1307.913786	24.163764	1171
1308.966232	24.367883	1172
1310.007828	23.959812	1173
1311.058944	24.047333	1174
1312.103564	24.275979	1175
1313.154994	24.311385	1176
1314.199590	24.562576	1177
1315.250954	24.173974	1178
1316.295139	24.724412	1179
1317.345146	24.447734	1180
1318.388417	24.840680	1181
1319.440006	24.788269	1182
1320.484360	24.863975	1183
1321.534528	24.596200	1184
1322.579273	24.806561	1185
1323.630819	24.610339	1186
1324.673930	24.723492	1187
1325.723542	24.964259	1188
1326.768082	25.004418	1189
1327.820480	25.020375	1190
1328.866128	24.485839	1191
1329.914885	25.005289	1192
1330.959255	24.912617	1193
1332.007729	25.290463	1194
1333.054220	24.437559	1195
1334.101175	25.436842	1196
1335.151496	25.322799	1197
1336.197071	25.440212	1198
1337.243124	25.346905	1199
1338.293421	25.676351	1200
1339.342784	24.795447	1201
1340.382381	26.258629	1202
1341.441096	26.482558	1203
1342.483020	24.413545	1204
1343.523024	25.647543	1205
1344.580277	25.765870	1206
1345.626051	25.447375	1207
1346.675612	25.451352	1208
1347.722022	25.970618	1209
1348.769141	25.801334	1210
1349.813944	25.655448	1211
1350.864352	25.688934	1212
1351.909454	26.010680	1213
1352.960371	25.830593	1214
1354.006149	25.989506	1215
1355.055074	25.837485	1216
1356.099414	25.847345	1217
1357.148489	26.112164	1218
1358.193541	25.492471	1219
1359.244927	26.182031	1220
1360.288933	25.855187	1221
1361.341646	25.984961	1222
1362.386420	26.055245	1223
1363.438038	25.986748	1224
1364.478668	26.482960	1225
1365.530293	26.227141	1226
1366.574831	26.404854	1227
1367.625730	26.357509	1228
1368.670259	26.433663	1229
1369.723247	26.398562	1230
1370.765878	26.299527	1231
1371.815885	26.383687	1232
1372.858043	26.599038	1233
1373.909072	26.660021	1234
1374.956388	26.348622	1235
1376.005813	26.564493	1236
1377.049876	26.442459	1237
1378.100971	26.419916	1238
1379.145513	26.825446	1239
1380.197197	26.771396	1240
1381.240837	26.546233	1241
1382.289366	26.790419	1242
1383.334988	26.752197	1243
1384.385735	26.963062	1244
1385.430223	26.688507	1245
1386.481461	27.020289	1246
1387.523683	26.969383	1247
1388.576604	26.878246	1248
1389.621218	26.965910	1249
1390.670670	27.081093	1250
1391.714647	27.139338	1251
1392.768143	26.952404	1252
1393.812012	27.188750	1253
1394.860895	27.256595	1254
1395.902523	27.042847	1255
1396.956178	27.158893	1256
1398.003106	27.204100	1257
1399.050874	27.113447	1258
1400.096562	27.122687	1259
1401.146482	27.271561	1260
1402.190818	27.292265	1261
