time (s)	coil I (A)	last det (V)	int current (uC)
6442.753498	1.481155	1.559947	663.557312
6442.754420	1.905754	1.559947	2420.662842
6442.755316	0.833862	1.559947	3167.803467
6442.756270	0.091824	1.559947	3255.403320
6442.757168	0.091256	1.559947	3337.351318
6442.758069	0.091176	1.559947	3419.500488
6442.758957	0.091143	1.559947	3500.435059
6442.759895	0.091252	1.559947	3586.029785
6442.760792	0.091212	1.559947	3667.847168
6442.761693	0.091121	1.559947	3749.946777
6442.762593	0.091263	1.559947	3832.083984
6442.763516	0.091245	1.559947	3916.303223
6442.764420	0.091190	1.559947	3998.739258
6443.793356	1.462771	1.496916	642.156494
6443.794278	1.906168	1.496916	2399.643555
6443.795185	0.835503	1.496916	3157.444824
6443.796120	0.091758	1.496916	3243.238281
6443.797023	0.091161	1.496916	3325.556641
6443.797925	0.091176	1.496916	3407.796875
6443.798814	0.091172	1.496916	3488.848633
6443.799763	0.091267	1.496916	3575.461182
6443.800660	0.091238	1.496916	3657.301514
6443.801560	0.091245	1.496916	3739.422119
6443.802450	0.091208	1.496916	3820.597656
6443.803401	0.091271	1.496916	3907.396240
6443.804311	0.091165	1.496916	3990.355957
6444.847052	1.468092	1.596113	645.960449
6444.847955	1.906384	1.596113	2367.425537
6444.848855	0.883008	1.596113	3162.132568
6444.849816	0.091454	1.596113	3250.019775
6444.850720	0.091179	1.596113	3332.445801
6444.851613	0.091157	1.596113	3413.849121
6444.852544	0.091230	1.596113	3498.784668
6444.853441	0.091208	1.596113	3580.598633
6444.854351	0.091161	1.596113	3663.554932
6444.855244	0.091124	1.596113	3744.928955
6444.856170	0.091285	1.596113	3829.459229
6444.857078	0.091187	1.596113	3912.256592
6444.857981	0.091263	1.596113	3994.667480
6445.889015	1.471132	1.495961	712.027649
6445.889936	1.905330	1.495961	2466.836426
6445.890858	0.730243	1.495961	3140.120361
6445.891746	0.091241	1.495961	3221.142822
6445.892690	0.091194	1.495961	3307.229736
6445.893584	0.091208	1.495961	3388.770020
6445.894482	0.091154	1.495961	3470.625977
6445.895370	0.091128	1.495961	3551.547607
6445.896320	0.091219	1.495961	3638.206055
6445.897227	0.091168	1.495961	3720.895508
6445.898122	0.091150	1.495961	3802.474609
6445.899043	0.091183	1.495961	3886.454102
6445.899948	0.091187	1.495961	3968.978027
6446.941135	1.460750	1.578795	641.269043
6446.942028	1.905645	1.578795	2343.009766
6446.942995	0.778619	1.578795	3095.934570
6446.943912	0.091370	1.578795	3179.720459
6446.944808	0.091091	1.578795	3261.338379
6446.945735	0.091183	1.578795	3345.864990
6446.946642	0.091143	1.578795	3428.531250
6446.947537	0.091128	1.578795	3510.090820
6446.948425	0.091099	1.578795	3590.986328
6446.949359	0.091183	1.578795	3676.151123
6446.950256	0.091190	1.578795	3757.948730
6446.951153	0.091190	1.578795	3839.746338
6446.952039	0.091179	1.578795	3920.531006
6447.985095	1.454110	1.520002	635.446106
6447.986069	1.904901	1.520002	2490.819824
6447.986996	0.708314	1.520002	3147.427002
6447.987893	0.091176	1.520002	3229.211426
6447.988810	0.091187	1.520002	3312.829590
6447.989722	0.091146	1.520002	3395.955078
6447.990627	0.091135	1.520002	3478.432373
6447.991524	0.091143	1.520002	3560.187256
6447.992446	0.091187	1.520002	3644.261230
6447.993353	0.091150	1.520002	3726.934082
6447.994258	0.091194	1.520002	3809.464600
6447.995150	0.091198	1.520002	3890.812744
6447.996097	0.091230	1.520002	3977.208008
6449.034198	1.468345	1.561490	650.476685
6449.035098	1.905681	1.561490	2365.589844
6449.036064	0.761547	1.561490	3101.243896
6449.036971	0.091381	1.561490	3184.126221
6449.037863	0.091187	1.561490	3265.464600
6449.038796	0.091201	1.561490	3350.555176
6449.039703	0.091278	1.561490	3433.344482
6449.040600	0.091230	1.561490	3515.178223
6449.041493	0.091190	1.561490	3596.611084
6449.042428	0.091216	1.561490	3681.897949
6449.043332	0.091165	1.561490	3764.310791
6449.044233	0.091157	1.561490	3846.443359
6449.045123	0.091135	1.561490	3927.553711
6450.082316	1.537339	1.531805	779.430786
6450.083224	1.904560	1.531805	2508.771729
6450.084139	0.712009	1.531805	3160.260254
6450.085028	0.091252	1.531805	3241.383789
6450.085980	0.091260	1.531805	3328.263184
6450.086891	0.091183	1.531805	3411.330811
6450.087785	0.091216	1.531805	3492.877686
6450.088711	0.091161	1.531805	3577.292725
6450.089613	0.091168	1.531805	3659.526367
6450.090507	0.091190	1.531805	3741.050293
6450.091394	0.091183	1.531805	3821.929443
6450.092317	0.091146	1.531805	3906.057373
6450.093221	0.091165	1.531805	3988.470215
6451.127751	1.450950	1.581043	628.261230
6451.128701	1.904681	1.581043	2437.708496
6451.129623	0.767933	1.581043	3145.743164
6451.130521	0.091355	1.581043	3227.780029
6451.131411	0.091205	1.581043	3308.952393
6451.132364	0.091234	1.581043	3395.898437
6451.133269	0.091208	1.581043	3478.442139
6451.134181	0.091187	1.581043	3561.604248
6451.135088	0.091208	1.581043	3644.330322
6451.136017	0.091274	1.581043	3729.124268
6451.136921	0.091088	1.581043	3811.467529
6451.137811	0.091198	1.581043	3892.633301
6451.138747	0.091227	1.581043	3978.021484
6452.177361	1.463284	1.524667	648.234741
6452.178256	1.905688	1.524667	2353.825684
6452.179213	0.787720	1.524667	3107.673340
6452.180127	0.091362	1.524667	3191.178467
6452.181022	0.091154	1.524667	3272.760986
6452.181946	0.091212	1.524667	3357.041016
6452.182851	0.091183	1.524667	3439.561523
6452.183752	0.091110	1.524667	3521.651367
6452.184671	0.091187	1.524667	3605.451660
6452.185559	0.091179	1.524667	3686.418701
6452.186517	0.091205	1.524667	3773.792969
6452.187417	0.091095	1.524667	3855.778320
6452.188304	0.091212	1.524667	3936.683594
6453.221320	1.458300	1.591992	641.651855
6453.222295	1.904648	1.591992	2498.684082
6453.223227	0.689656	1.591992	3141.443359
6453.224124	0.091176	1.591992	3223.227783
6453.225055	0.091238	1.591992	3308.170166
6453.225957	0.091208	1.591992	3390.440186
6453.226850	0.091069	1.591992	3471.765137
6453.227735	0.091176	1.591992	3552.455566
6453.228667	0.091230	1.591992	3637.482422
6453.229572	0.091208	1.591992	3720.026123
6453.230473	0.091106	1.591992	3802.112549
6453.231360	0.091187	1.591992	3882.995117
6453.232321	0.091201	1.591992	3970.639404
6454.272990	1.490394	1.514636	672.167847
6454.273895	1.906238	1.514636	2397.312988
6454.274794	0.854447	1.514636	3165.460937
6454.275726	0.091831	1.514636	3251.047363
6454.276648	0.091099	1.514636	3335.040283
6454.277542	0.091132	1.514636	3416.511963
6454.278431	0.091227	1.514636	3497.612549
6454.279362	0.091194	1.514636	3582.513916
6454.280254	0.091154	1.514636	3663.822998
6454.281149	0.091128	1.514636	3745.382568
6454.282080	0.091252	1.514636	3830.338623
6454.282994	0.091168	1.514636	3913.666260
6454.283890	0.091179	1.514636	3995.362793
6455.315408	1.473882	1.581591	644.086365
6455.316327	1.905813	1.581591	2395.528564
6455.317231	0.845398	1.581591	3159.768311
6455.318158	0.091846	1.581591	3244.909180
6455.319055	0.091190	1.581591	3326.706787
6455.319960	0.091201	1.581591	3409.243896
6455.320855	0.091183	1.581591	3490.852539
6455.321798	0.091271	1.581591	3576.920898
6455.322700	0.091205	1.581591	3659.187744
6455.323597	0.091172	1.581591	3740.968994
6455.324486	0.091165	1.581591	3822.014160
6455.325432	0.091205	1.581591	3908.293945
6455.326336	0.091212	1.581591	3990.749756
6456.367576	1.470216	1.539354	654.246155
6456.368472	1.906238	1.539354	2362.235352
6456.369431	0.802738	1.539354	3132.061035
6456.370332	0.091527	1.539354	3214.526855
6456.371219	0.091168	1.539354	3295.393066
6456.372131	0.091165	1.539354	3378.535156
6456.373064	0.091132	1.539354	3463.561035
6456.373968	0.091132	1.539354	3545.944092
6456.374855	0.091143	1.539354	3626.787598
6456.375804	0.091256	1.539354	3713.389648
6456.376707	0.091110	1.539354	3795.661621
6456.377597	0.091121	1.539354	3876.759033
6456.378534	0.091198	1.539354	3962.211182
6457.411012	1.457139	1.575677	630.941040
6457.411985	1.904799	1.575677	2484.310059
6457.412902	0.733107	1.575677	3156.568848
6457.413792	0.091340	1.575677	3237.861816
6457.414727	0.091230	1.575677	3323.162354
6457.415628	0.091285	1.575677	3405.410400
6457.416519	0.091271	1.575677	3486.732666
6457.417406	0.091212	1.575677	3567.637939
6457.418334	0.091249	1.575677	3652.316895
6457.419239	0.091179	1.575677	3734.833984
6457.420147	0.091135	1.575677	3817.584717
6457.421034	0.091154	1.575677	3898.437988
6457.421973	0.091271	1.575677	3984.141113
6458.461686	1.488333	1.553006	717.376282
6458.462623	1.904480	1.553006	2501.874023
6458.463533	0.717433	1.553006	3154.737793
6458.464421	0.091256	1.553006	3235.773193
6458.465368	0.091267	1.553006	3322.203125
6458.466279	0.091128	1.553006	3405.220703
6458.467172	0.091117	1.553006	3486.588135
6458.468060	0.091241	1.553006	3567.610596
6458.468991	0.091289	1.553006	3652.600830
6458.469898	0.091179	1.553006	3735.300293
6458.470784	0.091205	1.553006	3816.107666
6458.471737	0.091267	1.553006	3903.085205
6458.472647	0.091172	1.553006	3986.051514
6459.506641	1.463730	1.568386	646.968872
6459.507539	1.905483	1.568386	2358.092773
6459.508487	0.798688	1.568386	3115.248779
6459.509398	0.091428	1.568386	3198.539795
6459.510295	0.091110	1.568386	3280.265137
6459.511231	0.091198	1.568386	3365.625977
6459.512135	0.091183	1.568386	3448.055176
6459.513040	0.091223	1.568386	3530.612061
6459.513929	0.091157	1.568386	3611.650879
6459.514880	0.091282	1.568386	3698.459717
6459.515778	0.091179	1.568386	3780.338623
6459.516681	0.091168	1.568386	3862.663574
6459.517580	0.091117	1.568386	3944.577637
6460.555726	1.463302	1.551838	648.242737
6460.556625	1.906637	1.551838	2362.309326
6460.557523	0.896851	1.551838	3167.681152
6460.558497	0.091498	1.551838	3256.800049
6460.559405	0.091135	1.551838	3339.550781
6460.560304	0.091198	1.551838	3421.537354
6460.561243	0.091194	1.551838	3507.168457
6460.562145	0.091219	1.551838	3589.448486
6460.563041	0.091234	1.551838	3671.194336
6460.563926	0.091238	1.551838	3751.939697
6460.564855	0.091311	1.551838	3836.767578
6460.565763	0.091135	1.551838	3919.518311
6460.566658	0.091234	1.551838	4001.172852
6461.602259	1.474310	1.553522	657.542358
6461.603159	1.906498	1.553522	2373.390137
6461.604088	0.849313	1.553522	3162.401855
6461.605016	0.091472	1.553522	3247.288086
6461.605923	0.091150	1.553522	3329.960937
6461.606821	0.091194	1.553522	3411.853027
6461.607756	0.091304	1.553522	3497.221924
6461.608647	0.091223	1.553522	3578.501709
6461.609549	0.091132	1.553522	3660.702393
6461.610432	0.091238	1.553522	3741.265381
6461.611361	0.091230	1.553522	3826.018555
6461.612266	0.091245	1.553522	3908.595459
6461.613167	0.091208	1.553522	3990.774414
6462.649290	1.449928	1.583658	635.068420
6462.650189	1.906806	1.583658	2349.286621
6462.651121	0.871007	1.583658	3161.065186
6462.652051	0.091560	1.583658	3246.216064
6462.652948	0.091150	1.583658	3327.977539
6462.653836	0.091201	1.583658	3408.964111
6462.654764	0.091263	1.583658	3493.656494
6462.655673	0.091208	1.583658	3576.564941
6462.656571	0.091216	1.583658	3658.476807
6462.657502	0.091263	1.583658	3743.443115
6462.658406	0.091315	1.583658	3825.991699
6462.659309	0.091212	1.583658	3908.356201
6462.660195	0.091176	1.583658	3989.137695
6463.697883	1.489453	1.544728	668.764404
6463.698798	1.905798	1.544728	2412.569824
6463.699709	0.819749	1.544728	3159.360840
6463.700642	0.091710	1.544728	3244.926514
6463.701543	0.091289	1.544728	3327.177979
6463.702447	0.091165	1.544728	3409.590820
6463.703339	0.091135	1.544728	3490.883545
6463.704264	0.091267	1.544728	3575.305664
6463.705169	0.091132	1.544728	3657.779785
6463.706073	0.091143	1.544728	3740.172607
6463.706963	0.091179	1.544728	3821.322021
6463.707919	0.091241	1.544728	3908.548828
6463.708824	0.091172	1.544728	3991.059326
6464.743373	1.457183	1.568559	639.703186
6464.744267	1.906282	1.568559	2343.919189
6464.745267	0.707043	1.568559	3050.962646
6464.746181	0.091271	1.568559	3134.384033
6464.747075	0.091168	1.568559	3215.888428
6464.748014	0.091285	1.568559	3301.605469
6464.748922	0.091216	1.568559	3384.429443
6464.749822	0.091179	1.568559	3466.490723
6464.750706	0.091223	1.568559	3547.132080
6464.751641	0.091249	1.568559	3632.449707
6464.752542	0.091146	1.568559	3714.572510
6464.753432	0.091216	1.568559	3795.754639
6464.754366	0.091201	1.568559	3880.936523
6465.792972	1.457186	1.581301	632.418884
6465.793915	1.905106	1.581301	2428.934082
6465.794842	0.765780	1.581301	3138.812256
6465.795743	0.091344	1.581301	3221.113281
6465.796630	0.091106	1.581301	3301.924316
6465.797573	0.091205	1.581301	3387.930420
6465.798473	0.091106	1.581301	3469.925781
6465.799371	0.091121	1.581301	3551.752197
6465.800263	0.091241	1.581301	3633.139648
6465.801183	0.091150	1.581301	3716.997559
6465.802100	0.091080	1.581301	3800.518311
6465.802999	0.091099	1.581301	3882.416016
6465.803924	0.091219	1.581301	3966.793945
6466.837452	1.457831	1.569232	641.445557
6466.838412	1.904967	1.569232	2470.213867
6466.839328	0.745569	1.569232	3153.154785
6466.840217	0.091267	1.569232	3234.291260
6466.841136	0.091088	1.569232	3318.000732
6466.842059	0.091128	1.569232	3402.111816
6466.842968	0.091095	1.569232	3484.917236
6466.843865	0.091099	1.569232	3566.632812
6466.844818	0.091143	1.569232	3653.491699
6466.845720	0.091135	1.569232	3735.695801
6466.846604	0.091139	1.569232	3816.262695
6466.847540	0.091143	1.569232	3901.572266
6466.848450	0.091168	1.569232	3984.535400
6467.888082	1.465759	1.573176	650.797119
6467.888981	1.906593	1.573176	2364.824219
6467.889882	0.883451	1.573176	3160.813477
6467.890832	0.091476	1.573176	3247.715576
6467.891744	0.091227	1.573176	3330.914551
6467.892641	0.091139	1.573176	3412.666260
6467.893572	0.091201	1.573176	3497.574463
6467.894476	0.091194	1.573176	3580.013672
6467.895381	0.091077	1.573176	3662.437988
6467.896273	0.091154	1.573176	3743.747070
6467.897213	0.091201	1.573176	3829.476074
6467.898115	0.091146	1.573176	3911.689941
6467.899008	0.091095	1.573176	3993.037842
6468.932061	1.471729	1.596456	665.221313
6468.932964	1.906366	1.596456	2386.669678
6468.933860	0.871322	1.596456	3167.374023
6468.934817	0.091472	1.596456	3254.912842
6468.935713	0.091080	1.596456	3336.520752
6468.936634	0.091102	1.596456	3420.426025
6468.937527	0.091172	1.596456	3501.842529
6468.938465	0.091095	1.596456	3587.289551
6468.939373	0.091157	1.596456	3670.060303
6468.940266	0.091157	1.596456	3751.463623
6468.941190	0.091198	1.596456	3835.730225
6468.942099	0.091073	1.596456	3918.515625
6468.942992	0.091168	1.596456	3999.928711
6469.983729	1.516446	1.536816	714.246277
6469.984645	1.905253	1.536816	2459.457764
6469.985559	0.768241	1.536816	3161.629883
6469.986447	0.091315	1.536816	3242.717285
6469.987413	0.091234	1.536816	3330.849365
6469.988323	0.091058	1.536816	3413.712402
6469.989222	0.091106	1.536816	3495.616699
6469.990160	0.091143	1.536816	3581.108398
6469.991060	0.091201	1.536816	3663.189453
6469.991957	0.091113	1.536816	3744.917969
6469.992841	0.091190	1.536816	3825.530029
6469.993774	0.091172	1.536816	3910.593506
6469.994673	0.091168	1.536816	3992.553711
6471.026632	1.459263	1.605878	639.157104
6471.027595	1.904641	1.605878	2473.326416
6471.028526	0.743921	1.605878	3165.916748
6471.029422	0.091230	1.605878	3247.659180
6471.030367	0.091172	1.605878	3333.816650
6471.031270	0.091183	1.605878	3416.154785
6471.032181	0.091110	1.605878	3499.155762
6471.033073	0.091132	1.605878	3580.445068
6471.034022	0.091154	1.605878	3666.949707
6471.034935	0.091168	1.605878	3750.186279
6471.035837	0.091187	1.605878	3832.436523
6471.036724	0.091230	1.605878	3913.357910
6471.037673	0.091150	1.605878	3999.859131
6472.077774	1.469762	1.563431	649.634766
6472.078677	1.906652	1.563431	2371.341309
6472.079577	0.871373	1.563431	3155.577148
6472.080540	0.091359	1.563431	3243.555420
6472.081443	0.091073	1.563431	3325.794434
6472.082336	0.091135	1.563431	3407.178223
6472.083258	0.091238	1.563431	3491.299561
6472.084157	0.091241	1.563431	3573.325684
6472.085049	0.091194	1.563431	3654.670654
6472.085937	0.091198	1.563431	3735.654053
6472.086888	0.091252	1.563431	3822.435059
6472.087778	0.091194	1.563431	3903.597656
6472.088682	0.091143	1.563431	3985.990479
6473.121754	1.470231	1.585019	661.603821
6473.122651	1.906641	1.585019	2371.860352
6473.123548	0.879496	1.585019	3160.768066
6473.124516	0.091359	1.585019	3249.203125
6473.125407	0.091077	1.585019	3330.352539
6473.126299	0.091124	1.585019	3411.635498
6473.127236	0.091205	1.585019	3497.094482
6473.128155	0.091124	1.585019	3580.837646
6473.129060	0.091069	1.585019	3663.255371
6473.129949	0.091117	1.585019	3744.258301
6473.130888	0.091139	1.585019	3829.837646
6473.131798	0.091080	1.585019	3912.720703
6473.132685	0.091102	1.585019	3993.528320
6474.172358	1.449653	1.574473	632.048889
6474.173312	1.905531	1.574473	2449.925537
6474.174242	0.736523	1.574473	3134.892334
6474.175152	0.091154	1.574473	3217.842041
6474.176040	0.091135	1.574473	3298.770020
6474.176993	0.091219	1.574473	3385.702148
6474.177896	0.091106	1.574473	3467.970947
6474.178786	0.091190	1.574473	3549.130127
6474.179708	0.091260	1.574473	3633.271729
6474.180615	0.091168	1.574473	3715.961182
6474.181511	0.091168	1.574473	3797.647949
6474.182398	0.091176	1.574473	3878.520752
6474.183338	0.091198	1.574473	3964.246338
6475.217425	1.554800	1.562541	783.619080
6475.218331	1.904260	1.562541	2508.878906
6475.219263	0.693464	1.562541	3155.187744
6475.220149	0.091260	1.562541	3236.043945
6475.221112	0.091117	1.562541	3323.789551
6475.222004	0.091176	1.562541	3405.118164
6475.222893	0.091168	1.562541	3486.166748
6475.223824	0.091124	1.562541	3571.003418
6475.224734	0.091154	1.562541	3653.953125
6475.225630	0.091143	1.562541	3735.616943
6475.226552	0.091241	1.562541	3819.741455
6475.227462	0.091165	1.562541	3902.701172
6475.228356	0.091132	1.562541	3984.172852
6476.266969	1.480111	1.584334	663.089783
6476.267892	1.905729	1.584334	2422.077393
6476.268793	0.827651	1.584334	3167.791260
6476.269741	0.091527	1.584334	3254.558838
6476.270643	0.091168	1.584334	3336.792480
6476.271540	0.091183	1.584334	3418.583496
6476.272425	0.091168	1.584334	3499.267334
6476.273355	0.091216	1.584334	3584.098145
6476.274265	0.091113	1.584334	3667.011230
6476.275163	0.091161	1.584334	3748.873779
6476.276095	0.091194	1.584334	3833.866455
6476.276996	0.091168	1.584334	3916.009033
6476.277897	0.091084	1.584334	3998.075684
6477.311957	1.476398	1.586393	655.520630
6477.312856	1.906630	1.586393	2369.580566
6477.313819	0.774196	1.586393	3115.130859
6477.314723	0.091359	1.586393	3197.718994
6477.315636	0.091139	1.586393	3280.928711
6477.316523	0.091154	1.586393	3361.781982
6477.317482	0.091150	1.586393	3449.194824
6477.318385	0.091179	1.586393	3531.529541
6477.319276	0.091106	1.586393	3612.704834
6477.320222	0.091044	1.586393	3698.832275
6477.321131	0.091099	1.586393	3781.640869
6477.322039	0.091110	1.586393	3864.368408
6477.322956	0.091183	1.586393	3947.983154
6478.360539	1.478602	1.584222	665.371033
6478.361443	1.906381	1.584222	2388.739258
6478.362349	0.849818	1.584222	3158.674316
6478.363287	0.091395	1.584222	3244.403076
6478.364198	0.091069	1.584222	3327.367187
6478.365091	0.091117	1.584222	3408.734619
6478.366020	0.091238	1.584222	3493.494629
6478.366932	0.091172	1.584222	3576.643311
6478.367836	0.091135	1.584222	3659.029541
6478.368723	0.091128	1.584222	3739.860107
6478.369673	0.091219	1.584222	3826.518555
6478.370574	0.091091	1.584222	3908.591797
6478.371466	0.091058	1.584222	3989.815918
6479.408088	1.456674	1.588407	651.133118
6479.408986	1.906483	1.588407	2363.155029
6479.409941	0.834067	1.588407	3159.689453
6479.410844	0.091373	1.588407	3242.199463
6479.411741	0.091194	1.588407	3324.000244
6479.412632	0.091176	1.588407	3405.237549
6479.413559	0.091223	1.588407	3489.801514
6479.414463	0.091154	1.588407	3572.204346
6479.415379	0.091241	1.588407	3655.781494
6479.416270	0.091216	1.588407	3737.054687
6479.417227	0.091154	1.588407	3824.288574
6479.418117	0.091187	1.588407	3905.444580
6479.419006	0.091139	1.588407	3986.467041
6480.454603	1.458904	1.596552	634.623169
6480.455522	1.905769	1.596552	2386.024902
6480.456466	0.803990	1.596552	3144.991943
6480.457373	0.091403	1.596552	3227.894043
6480.458261	0.091121	1.596552	3308.809082
6480.459189	0.091179	1.596552	3393.423340
6480.460097	0.091113	1.596552	3476.154297
6480.461000	0.091102	1.596552	3558.419678
6480.461891	0.091124	1.596552	3639.611328
6480.462841	0.091260	1.596552	3726.308105
6480.463745	0.091179	1.596552	3808.734131
6480.464637	0.091146	1.596552	3890.036621
6480.465548	0.091190	1.596552	3973.110840
6481.503193	1.480367	1.582586	657.283142
6481.504097	1.906296	1.582586	2380.574951
6481.505039	0.796454	1.582586	3130.834473
6481.505927	0.091487	1.582586	3212.074707
6481.506887	0.091143	1.582586	3299.571533
6481.507780	0.091066	1.582586	3380.893066
6481.508701	0.091088	1.582586	3464.784668
6481.509598	0.091099	1.582586	3546.500244
6481.510549	0.091084	1.582586	3633.121094
6481.511451	0.091047	1.582586	3715.245850
6481.512340	0.091128	1.582586	3796.258545
6481.513263	0.091106	1.582586	3880.349365
6481.514176	0.091110	1.582586	3963.532471
6482.548725	1.469985	1.607042	707.062988
6482.549647	1.905048	1.607042	2463.517090
6482.550576	0.740797	1.607042	3151.717773
6482.551464	0.091271	1.607042	3232.766113
6482.552414	0.091176	1.607042	3319.382812
6482.553316	0.091176	1.607042	3401.623047
6482.554208	0.091066	1.607042	3482.853516
6482.555100	0.091110	1.607042	3564.123291
6482.556048	0.091198	1.607042	3650.578613
6482.556957	0.091168	1.607042	3733.450439
6482.557857	0.091139	1.607042	3815.475586
6482.558783	0.091183	1.607042	3899.910889
6482.559683	0.091190	1.607042	3981.981934
6483.599310	1.467740	1.583094	647.273499
6483.600228	1.906403	1.583094	2397.351074
6483.601135	0.844563	1.583094	3163.369629
6483.602063	0.091842	1.583094	3248.599121
6483.602962	0.091212	1.583094	3330.598877
6483.603853	0.091132	1.583094	3411.797119
6483.604739	0.091135	1.583094	3492.542969
6483.605668	0.091208	1.583094	3577.275635
6483.606575	0.091132	1.583094	3659.931885
6483.607484	0.091168	1.583094	3742.803711
6483.608374	0.091194	1.583094	3823.966309
6483.609322	0.091190	1.583094	3910.414551
6483.610224	0.091062	1.583094	3992.552490
6484.642772	1.472615	1.610132	650.895752
6484.643702	1.905710	1.610132	2423.206543
6484.644612	0.810117	1.610132	3160.413086
6484.645554	0.091516	1.610132	3246.621338
6484.646460	0.091219	1.610132	3329.266113
6484.647358	0.091132	1.610132	3411.102295
6484.648243	0.091146	1.610132	3491.766602
6484.649175	0.091165	1.610132	3576.731934
6484.650083	0.091099	1.610132	3659.449463
6484.650979	0.091099	1.610132	3741.073730
6484.651912	0.091117	1.610132	3826.085937
6484.652816	0.091168	1.610132	3908.501953
6484.653717	0.091088	1.610132	3990.572021
6485.693897	1.458032	1.573760	641.534180
6485.694791	1.905714	1.573760	2345.242676
6485.695778	0.752091	1.573760	3087.556641
6485.696688	0.091384	1.573760	3170.716309
6485.697577	0.091223	1.573760	3251.813721
6485.698511	0.091304	1.573760	3337.091309
6485.699419	0.091227	1.573760	3419.925293
6485.700318	0.091165	1.573760	3501.882324
6485.701207	0.091216	1.573760	3582.973145
6485.702176	0.091212	1.573760	3671.357666
6485.703076	0.091205	1.573760	3753.441895
6485.703974	0.091216	1.573760	3835.353760
6485.704861	0.091190	1.573760	3916.239502
6486.736860	1.486395	1.629166	677.796204
6486.737760	1.906403	1.629166	2393.558594
6486.738695	0.828479	1.629166	3168.186523
6486.739619	0.091252	1.629166	3252.503662
6486.740523	0.091198	1.629166	3334.946289
6486.741411	0.091183	1.629166	3415.916748
6486.742360	0.091274	1.629166	3502.536133
6486.743270	0.091135	1.629166	3585.469238
6486.744167	0.091168	1.629166	3667.247070
6486.745113	0.091271	1.629166	3753.589111
6486.746008	0.091289	1.629166	3835.292725
6486.746904	0.091172	1.629166	3916.982666
6486.747795	0.091176	1.629166	3998.219971
6487.789009	1.475900	1.564849	656.775391
6487.789930	1.906095	1.564849	2412.289062
6487.790838	0.826692	1.564849	3162.925293
6487.791787	0.091791	1.564849	3250.034668
6487.792684	0.091296	1.564849	3331.927490
6487.793585	0.091135	1.564849	3414.040283
6487.794474	0.091139	1.564849	3495.062744
6487.795416	0.091263	1.564849	3581.032959
6487.796321	0.091252	1.564849	3663.616455
6487.797219	0.091176	1.564849	3745.492187
6487.798122	0.091146	1.564849	3827.797363
6487.799047	0.091198	1.564849	3912.155029
6487.799952	0.091150	1.564849	3994.645752
6488.832022	1.503757	1.632867	771.427551
6488.832951	1.903729	1.632867	2539.991943
6488.833850	0.691256	1.632867	3161.431152
6488.834735	0.091234	1.632867	3242.173340
6488.835676	0.091296	1.632867	3328.083252
6488.836590	0.091183	1.632867	3411.424316
6488.837492	0.091102	1.632867	3493.598633
6488.838387	0.091227	1.632867	3575.246582
6488.839330	0.091245	1.632867	3661.290771
6488.840236	0.091132	1.632867	3743.855957
6488.841123	0.091165	1.632867	3824.718994
6488.842066	0.091333	1.632867	3910.845947
6488.842970	0.091267	1.632867	3993.351318
6489.883087	1.465074	1.559826	647.562866
6489.883990	1.906813	1.559826	2369.414795
6489.884941	0.797124	1.559826	3127.479736
6489.885845	0.091472	1.559826	3210.170654
6489.886745	0.091117	1.559826	3292.175781
6489.887633	0.091168	1.559826	3373.133057
6489.888577	0.091238	1.559826	3459.261475
6489.889485	0.091102	1.559826	3541.982422
6489.890374	0.091143	1.559826	3623.008301
6489.891301	0.091245	1.559826	3707.592529
6489.892207	0.091271	1.559826	3790.283936
6489.893116	0.091198	1.559826	3873.182373
6489.894010	0.091234	1.559826	3954.745605
6490.928080	1.466737	1.632916	648.297791
6490.929055	1.904879	1.632916	2505.554932
6490.929961	0.731660	1.632916	3168.438965
6490.930849	0.091348	1.632916	3249.555664
6490.931794	0.091216	1.632916	3335.754639
6490.932696	0.091219	1.632916	3418.034668
6490.933597	0.091128	1.632916	3500.140869
6490.934491	0.091157	1.632916	3581.635498
6490.935425	0.091304	1.632916	3666.913086
6490.936334	0.091183	1.632916	3749.798340
6490.937230	0.091198	1.632916	3831.511230
6490.938172	0.091333	1.632916	3917.546875
6490.939072	0.091172	1.632916	3999.601562
6491.976664	1.471718	1.573264	653.442627
6491.977559	1.905579	1.573264	2358.935547
6491.978544	0.733242	1.573264	3081.179199
6491.979456	0.091249	1.573264	3164.398193
6491.980350	0.091146	1.573264	3245.882812
6491.981292	0.091260	1.573264	3331.849609
6491.982185	0.091267	1.573264	3413.351074
6491.983086	0.091161	1.573264	3495.487061
6491.983973	0.091165	1.573264	3576.350098
6491.984901	0.091179	1.573264	3660.964355
6491.985804	0.091205	1.573264	3743.322266
6491.986711	0.091194	1.573264	3826.035156
6491.987598	0.091271	1.573264	3906.992432
6493.024201	1.456058	1.621202	636.297485
6493.025177	1.904700	1.621202	2495.284668
6493.026100	0.704092	1.621202	3145.161377
6493.026997	0.091241	1.621202	3227.004883
6493.027882	0.091139	1.621202	3307.662842
6493.028823	0.091183	1.621202	3393.465820
6493.029716	0.091168	1.621202	3474.878906
6493.030607	0.091161	1.621202	3556.103271
6493.031543	0.091241	1.621202	3641.505371
6493.032452	0.091267	1.621202	3724.467285
6493.033350	0.091219	1.621202	3806.382324
6493.034240	0.091223	1.621202	3887.570801
6493.035209	0.091293	1.621202	3976.033447
6494.069703	1.452836	1.584661	633.436340
6494.070599	1.906080	1.584661	2341.284180
6494.071573	0.766113	1.584661	3087.478516
6494.072474	0.091461	1.584661	3169.885010
6494.073368	0.091157	1.584661	3251.379639
6494.074311	0.091223	1.584661	3337.403076
6494.075211	0.091307	1.584661	3419.579590
6494.076100	0.091117	1.584661	3500.582520
6494.076989	0.091230	1.584661	3581.686523
6494.077915	0.091344	1.584661	3666.270996
6494.078819	0.091223	1.584661	3748.736816
6494.079716	0.091168	1.584661	3830.514648
6494.080604	0.091256	1.584661	3911.550049
6495.120325	1.449990	1.621202	624.945801
6495.121276	1.905007	1.621202	2436.607910
6495.122205	0.747828	1.621202	3131.340332
6495.123106	0.091278	1.621202	3213.581787
6495.124003	0.091154	1.621202	3295.346436
6495.124943	0.091267	1.621202	3381.137451
6495.125851	0.091099	1.621202	3463.854980
6495.126746	0.091135	1.621202	3545.421143
6495.127690	0.091241	1.621202	3631.552979
6495.128586	0.091183	1.621202	3713.252930
6495.129481	0.091135	1.621202	3794.819092
6495.130369	0.091190	1.621202	3875.795898
6495.131300	0.091223	1.621202	3960.724609
6496.163786	1.467469	1.573994	645.686584
6496.164752	1.905121	1.573994	2486.033447
6496.165682	0.709318	1.573994	3145.698730
6496.166577	0.091230	1.573994	3227.350098
6496.167512	0.091318	1.573994	3312.732666
6496.168417	0.091278	1.573994	3395.339355
6496.169321	0.091124	1.573994	3477.715576
6496.170211	0.091187	1.573994	3558.871582
6496.171163	0.091296	1.573994	3645.785645
6496.172062	0.091161	1.573994	3727.739258
6496.172954	0.091245	1.573994	3809.129883
6496.173847	0.091150	1.573994	3890.526855
6496.174793	0.091274	1.573994	3976.872559
6497.215950	1.458816	1.632747	638.961365
6497.216845	1.906498	1.632747	2345.276855
6497.217815	0.767882	1.632747	3090.122559
6497.218724	0.091458	1.632747	3173.257324
6497.219617	0.091208	1.632747	3254.706543
6497.220523	0.091146	1.632747	3337.285156
6497.221437	0.091260	1.632747	3420.696533
6497.222348	0.091132	1.632747	3503.717529
6497.223244	0.091267	1.632747	3585.492920
6497.224172	0.091238	1.632747	3670.161621
6497.225072	0.091198	1.632747	3752.239258
6497.225980	0.091194	1.632747	3835.043213
6497.226866	0.091176	1.632747	3915.824707
6498.257405	1.517937	1.582916	742.271179
6498.258318	1.905121	1.582916	2481.646729
6498.259228	0.751875	1.582916	3165.853027
6498.260113	0.091414	1.582916	3246.754150
6498.261077	0.091285	1.582916	3334.753174
6498.261982	0.091172	1.582916	3417.263672
6498.262872	0.091205	1.582916	3498.436035
6498.263793	0.091168	1.582916	3582.401855
6498.264706	0.091337	1.582916	3665.792236
6498.265610	0.091216	1.582916	3748.251221
6498.266511	0.091216	1.582916	3830.436768
6498.267440	0.091219	1.582916	3915.179687
6498.268339	0.091241	1.582916	3997.205811
6499.312085	1.474603	1.630869	659.147644
6499.312985	1.906963	1.630869	2375.414307
6499.313937	0.801108	1.630869	3138.069336
6499.314834	0.091582	1.630869	3220.218506
6499.315736	0.091161	1.630869	3302.445557
6499.316622	0.091143	1.630869	3383.197998
6499.317561	0.091318	1.630869	3468.946045
6499.318450	0.091223	1.630869	3550.043457
6499.319349	0.091249	1.630869	3632.076172
6499.320240	0.091194	1.630869	3713.329834
6499.321188	0.091326	1.630869	3799.906494
6499.322097	0.091208	1.630869	3882.814941
6499.322995	0.091212	1.630869	3964.723389
6500.350942	1.477947	1.608577	663.598083
6500.351863	1.905974	1.608577	2419.000244
6500.352761	0.826842	1.608577	3161.504395
6500.353703	0.091765	1.608577	3247.947266
6500.354606	0.091219	1.608577	3330.318359
6500.355499	0.091208	1.608577	3411.767578
6500.356388	0.091208	1.608577	3492.852051
6500.357359	0.091241	1.608577	3581.447510
6500.358264	0.091256	1.608577	3664.034180
6500.359177	0.091227	1.608577	3747.324219
6500.360067	0.091293	1.608577	3828.574707
6500.361015	0.091256	1.608577	3915.085449
6500.361925	0.091190	1.608577	3998.068604
6501.407711	1.487069	1.630874	669.181091
6501.408638	1.905513	1.630874	2435.591309
6501.409545	0.801346	1.630874	3162.412598
6501.410484	0.091564	1.630874	3248.390869
6501.411379	0.091293	1.630874	3330.097900
6501.412273	0.091198	1.630874	3411.628418
6501.413161	0.091201	1.630874	3492.614990
6501.414108	0.091289	1.630874	3579.065674
6501.415016	0.091223	1.630874	3661.896240
6501.415912	0.091187	1.630874	3743.599365
6501.416831	0.091249	1.630874	3827.457031
6501.417740	0.091293	1.630874	3910.442139
6501.418648	0.091252	1.630874	3993.299316
6502.445017	1.475094	1.618217	665.267395
6502.445912	1.906765	1.618217	2371.822266
6502.446885	0.796110	1.618217	3146.437012
6502.447783	0.091461	1.618217	3228.569092
6502.448675	0.091230	1.618217	3309.946777
6502.449565	0.091219	1.618217	3391.132080
6502.450501	0.091289	1.618217	3476.578613
6502.451404	0.091132	1.618217	3558.870361
6502.452308	0.091179	1.618217	3641.296387
6502.453196	0.091230	1.618217	3722.309082
6502.454145	0.091362	1.618217	3809.011963
6502.455049	0.091208	1.618217	3891.464355
6502.455948	0.091267	1.618217	3973.513428
6503.503308	1.463097	1.624021	643.762634
6503.504281	1.905070	1.624021	2497.395264
6503.505187	0.740834	1.624021	3168.590576
6503.506076	0.091300	1.624021	3249.756348
6503.507022	0.091263	1.624021	3336.091553
6503.507925	0.091241	1.624021	3418.482666
6503.508829	0.091219	1.624021	3500.945068
6503.509721	0.091267	1.624021	3582.355225
6503.510672	0.091282	1.624021	3669.164062
6503.511579	0.091143	1.624021	3751.830322
6503.512474	0.091187	1.624021	3833.442383
6503.513415	0.091274	1.624021	3919.331543
6503.514318	0.091274	1.624021	4001.752441
6504.540154	1.529407	1.595763	740.232910
6504.541074	1.905289	1.595763	2493.099121
6504.541988	0.737212	1.595763	3166.910889
6504.542873	0.091370	1.595763	3247.772949
6504.543819	0.091223	1.595763	3334.070068
6504.544729	0.091187	1.595763	3417.049805
6504.545620	0.091172	1.595763	3498.283936
6504.546551	0.091183	1.595763	3583.175293
6504.547458	0.091227	1.595763	3665.917969
6504.548366	0.091172	1.595763	3748.702148
6504.549264	0.091172	1.595763	3830.574463
6504.550183	0.091263	1.595763	3914.445557
6504.551075	0.091154	1.595763	3995.754639
6505.597432	1.482964	1.632308	720.720459
6505.598365	1.904572	1.632308	2497.685547
6505.599293	0.694728	1.632308	3142.393066
6505.600183	0.091234	1.632308	3223.591553
6505.601129	0.091168	1.632308	3309.836670
6505.602041	0.091124	1.632308	3392.941895
6505.602963	0.091252	1.632308	3477.076660
6505.603854	0.091249	1.632308	3558.379395
6505.604810	0.091150	1.632308	3645.518799
6505.605710	0.091227	1.632308	3727.623047
6505.606600	0.091150	1.632308	3808.746582
6505.607532	0.091223	1.632308	3893.766602
6505.608447	0.091168	1.632308	3977.185547
6506.634711	1.479485	1.605245	665.768188
6506.635606	1.906673	1.605245	2372.240967
6506.636567	0.773448	1.605245	3115.524902
6506.637477	0.091293	1.605245	3198.601318
6506.638381	0.091201	1.605245	3281.047119
6506.639268	0.091205	1.605245	3361.945801
6506.640227	0.091205	1.605245	3449.411133
6506.641137	0.091245	1.605245	3532.444092
6506.642037	0.091154	1.605245	3614.482422
6506.642963	0.091165	1.605245	3698.900879
6506.643869	0.091216	1.605245	3781.542480
6506.644778	0.091190	1.605245	3864.434326
6506.645668	0.091205	1.605245	3945.606689
6507.692493	1.459131	1.632239	642.017517
6507.693464	1.905124	1.632239	2491.893311
6507.694391	0.707750	1.632239	3147.977783
6507.695282	0.091260	1.632239	3229.290283
6507.696177	0.091176	1.632239	3310.892334
6507.697113	0.091198	1.632239	3396.253174
6507.698022	0.091245	1.632239	3479.195068
6507.698922	0.091198	1.632239	3561.272949
6507.699814	0.091179	1.632239	3642.604736
6507.700750	0.091230	1.632239	3727.996338
6507.701665	0.091110	1.632239	3811.361572
6507.702588	0.091245	1.632239	3895.580811
6507.703476	0.091187	1.632239	3976.554443
6508.729289	1.472655	1.613515	646.495544
6508.730269	1.904927	1.613515	2513.323730
6508.731192	0.690648	1.613515	3150.791992
6508.732087	0.091157	1.613515	3232.377686
6508.733011	0.091282	1.613515	3316.721924
6508.733911	0.091263	1.613515	3398.858887
6508.734802	0.091216	1.613515	3480.132080
6508.735690	0.091183	1.613515	3561.102539
6508.736632	0.091260	1.613515	3647.069336
6508.737525	0.091208	1.613515	3728.518555
6508.738433	0.091208	1.613515	3811.335937
6508.739328	0.091271	1.613515	3893.023193
6508.740265	0.091208	1.613515	3978.485596
6509.787149	1.522460	1.631699	768.842102
6509.788057	1.904531	1.631699	2498.156250
6509.788986	0.694424	1.631699	3143.275879
6509.789885	0.091179	1.631699	3225.246094
6509.790839	0.091099	1.631699	3312.154297
6509.791742	0.091080	1.631699	3394.399902
6509.792631	0.091077	1.631699	3475.366943
6509.793557	0.091172	1.631699	3559.791992
6509.794471	0.091084	1.631699	3643.042725
6509.795367	0.091080	1.631699	3724.650635
6509.796259	0.091084	1.631699	3805.897461
6509.797196	0.091168	1.631699	3891.322021
6509.798105	0.091033	1.631699	3974.070801
6510.824903	1.456348	1.608105	632.054871
6510.825826	1.905289	1.608105	2390.636963
6510.826782	0.749110	1.608105	3106.786133
6510.827688	0.091322	1.608105	3189.523926
6510.828578	0.091113	1.608105	3270.614746
6510.829511	0.091252	1.608105	3355.753174
6510.830411	0.091238	1.608105	3437.867187
6510.831304	0.091117	1.608105	3519.234619
6510.832197	0.091143	1.608105	3600.625000
6510.833133	0.091161	1.608105	3685.951660
6510.834038	0.091139	1.608105	3768.432373
6510.834935	0.091168	1.608105	3850.210205
6510.835845	0.091135	1.608105	3933.143311
6511.880671	1.481752	1.628070	665.306580
6511.881573	1.906282	1.628070	2384.772705
6511.882471	0.868173	1.628070	3164.391602
6511.883414	0.091967	1.628070	3251.115967
6511.884329	0.091187	1.628070	3334.551758
6511.885250	0.091055	1.628070	3418.413086
6511.886137	0.091179	1.628070	3499.289062
6511.887090	0.091219	1.628070	3586.221191
6511.887990	0.091113	1.628070	3668.223145
6511.888910	0.091157	1.628070	3752.087891
6511.889796	0.091143	1.628070	3832.840332
6511.890740	0.091128	1.628070	3918.864990
6511.891645	0.091176	1.628070	4001.378906
6512.920014	1.477460	1.615284	658.947021
6512.920921	1.906476	1.615284	2388.120605
6512.921820	0.873109	1.615284	3173.045654
6512.922766	0.091564	1.615284	3259.665039
6512.923674	0.091110	1.615284	3342.392578
6512.924579	0.091223	1.615284	3424.949463
6512.925469	0.091179	1.615284	3506.098877
6512.926400	0.091249	1.615284	3591.051514
6512.927304	0.091179	1.615284	3673.477539
6512.928194	0.091227	1.615284	3754.669434
6512.929118	0.091245	1.615284	3838.979980
6512.930025	0.091223	1.615284	3921.719482
6512.930931	0.091187	1.615284	4004.334473
6513.974764	1.473259	1.632457	696.851685
6513.975661	1.905956	1.632457	2406.494141
6513.976604	0.785087	1.632457	3146.830811
6513.977510	0.091216	1.632457	3229.472412
6513.978406	0.091238	1.632457	3311.221436
6513.979327	0.091172	1.632457	3395.190674
6513.980249	0.091263	1.632457	3479.335449
6513.981150	0.091172	1.632457	3561.481201
6513.982040	0.091187	1.632457	3642.637207
6513.982974	0.091256	1.632457	3727.870361
6513.983887	0.091073	1.632457	3811.020020
6513.984782	0.091154	1.632457	3892.602539
6513.985667	0.091146	1.632457	3973.266846
6515.016152	1.476661	1.602305	652.684387
6515.017072	1.905949	1.602305	2406.156982
6515.017983	0.817906	1.602305	3151.269775
6515.018920	0.091798	1.602305	3237.284668
6515.019823	0.091296	1.602305	3319.725342
6515.020724	0.091110	1.602305	3401.815186
6515.021610	0.091205	1.602305	3482.622559
6515.022561	0.091227	1.602305	3569.379150
6515.023464	0.091208	1.602305	3651.740479
6515.024368	0.091135	1.602305	3734.126709
6515.025259	0.091219	1.602305	3815.403320
6515.026185	0.091267	1.602305	3899.916748
6515.027091	0.091179	1.602305	3982.525146
6516.068819	1.460966	1.632775	641.363831
6516.069771	1.905040	1.632775	2454.962158
6516.070684	0.775496	1.632775	3162.989746
6516.071593	0.091274	1.632775	3245.958252
6516.072491	0.091183	1.632775	3327.840576
6516.073429	0.091198	1.632775	3413.383789
6516.074337	0.091143	1.632775	3496.141357
6516.075252	0.091223	1.632775	3579.610596
6516.076143	0.091249	1.632775	3660.913330
6516.077097	0.091165	1.632775	3747.884277
6516.077993	0.091282	1.632775	3829.672607
6516.078880	0.091234	1.632775	3910.597168
6516.079817	0.091223	1.632775	3996.073242
6517.111753	1.473303	1.609950	646.780090
6517.112743	1.904777	1.609950	2532.508789
6517.113667	0.668328	1.609950	3150.043457
6517.114559	0.091150	1.609950	3231.349121
6517.115490	0.091139	1.609950	3316.199463
6517.116387	0.091208	1.609950	3398.013428
6517.117287	0.091139	1.609950	3480.038574
6517.118174	0.091216	1.609950	3560.947021
6517.119100	0.091377	1.609950	3645.562012
6517.120010	0.091176	1.609950	3728.531738
6517.120913	0.091205	1.609950	3810.889648
6517.121811	0.091271	1.609950	3892.850830
6517.122754	0.091289	1.609950	3978.936523
6518.162379	1.464214	1.632847	644.254089
6518.163348	1.904956	1.632847	2490.156494
6518.164267	0.725354	1.632847	3156.756836
6518.165160	0.091223	1.632847	3238.218994
6518.166088	0.091194	1.632847	3322.846924
6518.166995	0.091157	1.632847	3405.526611
6518.167895	0.091143	1.632847	3487.554932
6518.168782	0.091179	1.632847	3568.430908
6518.169729	0.091198	1.632847	3654.794922
6518.170625	0.091190	1.632847	3736.501221
6518.171520	0.091187	1.632847	3818.113281
6518.172452	0.091227	1.632847	3903.136719
6518.173362	0.091139	1.632847	3986.073242
6519.207880	1.453033	1.614946	636.428650
6519.208835	1.905743	1.614946	2456.413574
6519.209756	0.747136	1.614946	3144.525879
6519.210656	0.091370	1.614946	3226.758545
6519.211550	0.091150	1.614946	3308.246582
6519.212491	0.091219	1.614946	3394.084229
6519.213398	0.091113	1.614946	3476.723877
6519.214289	0.091069	1.614946	3557.866699
6519.215221	0.091252	1.614946	3642.914062
6519.216114	0.091260	1.614946	3724.408936
6519.217019	0.091176	1.614946	3806.922852
6519.217908	0.091168	1.614946	3887.971436
6519.218844	0.091219	1.614946	3973.352783
6520.255964	1.476207	1.632924	653.959839
6520.256870	1.906458	1.632924	2381.210449
6520.257816	0.795033	1.632924	3133.311523
6520.258706	0.091611	1.632924	3214.845703
6520.259672	0.091355	1.632924	3303.094727
6520.260569	0.091198	1.632924	3384.898926
6520.261476	0.091194	1.632924	3467.611816
6520.262379	0.091256	1.632924	3550.016113
6520.263334	0.091183	1.632924	3637.095703
6520.264231	0.091146	1.632924	3718.854004
6520.265122	0.091234	1.632924	3800.143555
6520.266058	0.091300	1.632924	3885.600342
6520.266975	0.091172	1.632924	3969.204834
6521.304007	1.450481	1.623296	628.058228
6521.304948	1.905483	1.623296	2421.118164
6521.305877	0.771544	1.623296	3137.882812
6521.306781	0.091344	1.623296	3220.457764
6521.307667	0.091208	1.623296	3301.268555
6521.308614	0.091183	1.623296	3387.618652
6521.309520	0.091168	1.623296	3470.217041
6521.310427	0.091143	1.623296	3552.883301
6521.311317	0.091190	1.623296	3634.042480
6521.312264	0.091274	1.623296	3720.479248
6521.313170	0.091135	1.623296	3803.047852
6521.314056	0.091179	1.623296	3883.832520
6521.314983	0.091241	1.623296	3968.413330
6522.349531	1.472274	1.632686	661.051086
6522.350427	1.906831	1.632686	2369.571777
6522.351351	0.862192	1.632686	3166.237549
6522.352276	0.091461	1.632686	3250.839111
6522.353184	0.091121	1.632686	3333.576660
6522.354077	0.091091	1.632686	3414.921143
6522.354999	0.091216	1.632686	3499.022217
6522.355901	0.091234	1.632686	3581.315430
6522.356800	0.091088	1.632686	3663.203125
6522.357724	0.091154	1.632686	3747.428955
6522.358613	0.091150	1.632686	3828.461182
6522.359558	0.091172	1.632686	3914.618652
6522.360462	0.091154	1.632686	3997.021484
6523.399129	1.476724	1.608379	666.002319
6523.400027	1.906523	1.608379	2378.060547
6523.400925	0.874786	1.608379	3163.618652
6523.401866	0.091414	1.608379	3249.638916
6523.402777	0.091139	1.608379	3332.666504
6523.403673	0.091099	1.608379	3414.290771
6523.404584	0.091146	1.608379	3497.324951
6523.405521	0.091161	1.608379	3582.742676
6523.406424	0.091102	1.608379	3665.008057
6523.407315	0.091124	1.608379	3746.199707
6523.408249	0.091102	1.608379	3831.289307
6523.409153	0.091102	1.608379	3913.645752
6523.410046	0.091106	1.608379	3995.003418
6524.443598	1.456198	1.632984	636.358337
6524.444547	1.905227	1.632984	2444.418945
6524.445464	0.773185	1.632984	3153.429443
6524.446370	0.091340	1.632984	3236.183838
6524.447269	0.091230	1.632984	3318.199951
6524.448155	0.091179	1.632984	3398.984619
6524.449079	0.091252	1.632984	3483.301758
6524.449996	0.091208	1.632984	3566.939941
6524.450911	0.091139	1.632984	3650.332031
6524.451798	0.091198	1.632984	3731.224121
6524.452754	0.091190	1.632984	3818.401855
6524.453653	0.091194	1.632984	3900.385010
6524.454541	0.091190	1.632984	3981.361816
6525.495261	1.483026	1.603324	664.395691
6525.496187	1.905828	1.603324	2429.191895
6525.497089	0.816519	1.603324	3165.691650
6525.498027	0.091630	1.603324	3251.640137
6525.498931	0.091219	1.603324	3334.102539
6525.499835	0.091099	1.603324	3416.455811
6525.500725	0.091168	1.603324	3497.595459
6525.501674	0.091238	1.603324	3584.180176
6525.502581	0.091172	1.603324	3666.873047
6525.503481	0.091238	1.603324	3748.987061
6525.504392	0.091212	1.603324	3832.081299
6525.505305	0.091278	1.603324	3915.418213
6525.506213	0.091077	1.603324	3998.115723
6526.538197	1.472772	1.632706	645.074219
6526.539112	1.906435	1.632706	2389.462646
6526.540027	0.842164	1.632706	3160.042969
6526.540916	0.091692	1.632706	3241.557129
6526.541840	0.091194	1.632706	3325.820312
6526.542755	0.091044	1.632706	3409.125244
6526.543645	0.091135	1.632706	3490.235596
6526.544534	0.091110	1.632706	3571.231934
6526.545476	0.091179	1.632706	3657.122803
6526.546374	0.091165	1.632706	3738.988525
6526.547294	0.091113	1.632706	3822.812744
6526.548189	0.091095	1.632706	3904.342773
6526.549132	0.091139	1.632706	3990.286865
6527.589847	1.468037	1.624758	650.340454
6527.590742	1.905780	1.624758	2356.013672
6527.591715	0.745283	1.624758	3081.174316
6527.592628	0.091245	1.624758	3164.481201
6527.593524	0.091150	1.624758	3246.151611
6527.594447	0.091187	1.624758	3330.316895
6527.595353	0.091190	1.624758	3412.935303
6527.596250	0.091183	1.624758	3494.726318
6527.597139	0.091165	1.624758	3575.771484
6527.598081	0.091179	1.624758	3661.662354
6527.598991	0.091135	1.624758	3744.595459
6527.599883	0.091165	1.624758	3825.914307
6527.600785	0.091212	1.624758	3908.187744
6528.632786	1.458798	1.632614	646.247314
6528.633685	1.906926	1.632614	2360.573975
6528.634584	0.891881	1.632614	3162.375000
6528.635535	0.091428	1.632614	3249.323242
6528.636434	0.091110	1.632614	3331.230713
6528.637326	0.091194	1.632614	3412.575684
6528.638232	0.091073	1.632614	3495.087891
6528.639173	0.091051	1.632614	3580.766846
6528.640078	0.091143	1.632614	3663.250977
6528.640970	0.091121	1.632614	3744.530518
6528.641921	0.091205	1.632614	3831.266357
6528.642819	0.091058	1.632614	3913.036865
6528.643709	0.091091	1.632614	3994.108154
6529.683943	1.477222	1.621737	686.908081
6529.684879	1.905524	1.621737	2470.478271
6529.685798	0.743903	1.621737	3154.124756
6529.686687	0.091344	1.621737	3235.329590
6529.687628	0.091190	1.621737	3321.139648
6529.688527	0.091179	1.621737	3403.109863
6529.689428	0.091113	1.621737	3485.202881
6529.690316	0.091194	1.621737	3566.183105
6529.691254	0.091198	1.621737	3651.726318
6529.692152	0.091150	1.621737	3733.578857
6529.693050	0.091132	1.621737	3815.415039
6529.693963	0.091135	1.621737	3898.621582
6529.694880	0.091223	1.621737	3982.273193
6530.728444	1.523115	1.632868	744.803284
6530.729363	1.905055	1.632868	2495.548584
6530.730262	0.761199	1.632868	3179.866211
6530.731206	0.091487	1.632868	3266.229736
6530.732108	0.091146	1.632868	3348.443604
6530.733000	0.091139	1.632868	3429.739502
6530.733888	0.091110	1.632868	3510.644775
6530.734823	0.091212	1.632868	3595.928223
6530.735736	0.091091	1.632868	3679.094482
6530.736640	0.091183	1.632868	3761.523682
6530.737535	0.091165	1.632868	3843.115967
6530.738477	0.091110	1.632868	3928.941162
6530.739375	0.091091	1.632868	4010.741211
6531.778517	1.482081	1.630326	661.008240
6531.779426	1.906945	1.630326	2394.420898
6531.780335	0.837645	1.630326	3155.840332
6531.781293	0.091282	1.630326	3243.288330
6531.782206	0.091121	1.630326	3326.481445
6531.783098	0.091117	1.630326	3407.757812
6531.784023	0.091205	1.630326	3492.122314
6531.784922	0.091165	1.630326	3574.079346
6531.785821	0.091190	1.630326	3656.059326
6531.786708	0.091139	1.630326	3736.899658
6531.787653	0.091252	1.630326	3823.133301
6531.788548	0.091102	1.630326	3904.669922
6531.789453	0.091172	1.630326	3987.180420
6532.824018	1.463613	1.632803	655.698730
6532.824975	1.905385	1.632803	2479.151855
6532.825880	0.751293	1.632803	3159.071777
6532.826772	0.091425	1.632803	3240.622559
6532.827722	0.091157	1.632803	3327.221924
6532.828634	0.091179	1.632803	3410.377441
6532.829534	0.091187	1.632803	3492.445312
6532.830457	0.091216	1.632803	3576.637451
6532.831361	0.091267	1.632803	3659.142822
6532.832261	0.091154	1.632803	3741.181152
6532.833150	0.091187	1.632803	3822.246094
6532.834090	0.091227	1.632803	3907.999268
6532.834981	0.091223	1.632803	3989.279053
6533.872583	1.452224	1.632779	633.169739
6533.873491	1.905641	1.632779	2363.491699
6533.874453	0.783746	1.632779	3117.455566
6533.875356	0.091436	1.632779	3200.021973
6533.876258	0.091154	1.632779	3282.242432
6533.877181	0.091219	1.632779	3366.437988
6533.878086	0.091245	1.632779	3449.014893
6533.878987	0.091157	1.632779	3531.147461
6533.879877	0.091146	1.632779	3612.267578
6533.880827	0.091267	1.632779	3698.971436
6533.881733	0.091194	1.632779	3781.593018
6533.882622	0.091168	1.632779	3862.641602
6533.883540	0.091179	1.632779	3946.343994
6534.919117	1.459970	1.632815	642.386597
6534.920016	1.906392	1.632815	2356.232422
6534.920972	0.804639	1.632815	3125.466797
6534.921874	0.091479	1.632815	3207.981201
6534.922777	0.091157	1.632815	3290.296143
6534.923703	0.091219	1.632815	3374.765381
6534.924604	0.091223	1.632815	3456.957520
6534.925502	0.091146	1.632815	3538.806885
6534.926394	0.091135	1.632815	3620.099609
6534.927340	0.091241	1.632815	3706.414062
6534.928237	0.091234	1.632815	3788.250977
6534.929138	0.091179	1.632815	3870.403320
6534.930040	0.091176	1.632815	3952.643555
6535.967191	1.476013	1.632787	652.397827
6535.968100	1.906531	1.632787	2385.434326
6535.969010	0.844255	1.632787	3153.706787
6535.969904	0.091783	1.632787	3235.761230
6535.970865	0.091256	1.632787	3323.458252
6535.971768	0.091102	1.632787	3405.723633
6535.972663	0.091172	1.632787	3487.322510
6535.973583	0.091128	1.632787	3571.160156
6535.974473	0.091132	1.632787	3652.267334
6535.975407	0.091146	1.632787	3737.397949
6535.976325	0.091172	1.632787	3821.093750
6535.977219	0.091165	1.632787	3902.594971
6535.978151	0.091245	1.632787	3987.635498
6537.014743	1.478456	1.632747	663.826660
6537.015641	1.907062	1.632747	2376.368164
6537.016570	0.860061	1.632747	3175.364746
6537.017492	0.091494	1.632747	3259.722412
6537.018406	0.091091	1.632747	3342.979980
6537.019305	0.091194	1.632747	3424.963135
6537.020259	0.091230	1.632747	3511.997070
6537.021154	0.091194	1.632747	3593.615479
6537.022051	0.091157	1.632747	3675.383545
6537.022934	0.091110	1.632747	3755.833252
6537.023867	0.091282	1.632747	3840.999023
6537.024776	0.091168	1.632747	3923.870850
6537.025672	0.091157	1.632747	4005.547607
6538.061281	1.488245	1.632465	671.198364
6538.062190	1.906538	1.632465	2404.241455
6538.063087	0.848947	1.632465	3165.746582
6538.064012	0.091853	1.632465	3250.710693
6538.064946	0.091168	1.632465	3335.861816
6538.065848	0.091168	1.632465	3418.095459
6538.066734	0.091227	1.632465	3498.922363
6538.067693	0.091263	1.632465	3586.444092
6538.068590	0.091187	1.632465	3668.238281
6538.069485	0.091143	1.632465	3749.810791
6538.070422	0.091245	1.632465	3835.307373
6538.071321	0.091223	1.632465	3917.316895
6538.072226	0.091168	1.632465	3999.824219
6539.109898	1.497360	1.632416	750.177185
6539.110807	1.905088	1.632416	2481.902100
6539.111718	0.732810	1.632416	3149.492187
6539.112607	0.091293	1.632416	3230.651367
6539.113548	0.091168	1.632416	3316.440674
6539.114448	0.091263	1.632416	3398.577637
6539.115352	0.091176	1.632416	3481.000244
6539.116239	0.091208	1.632416	3561.902100
6539.117182	0.091271	1.632416	3647.970459
6539.118097	0.091219	1.632416	3731.436279
6539.118993	0.091219	1.632416	3813.168945
6539.119927	0.091161	1.632416	3898.313232
6539.120824	0.091212	1.632416	3980.130615
6540.155352	1.464474	1.632863	651.690857
6540.156249	1.906794	1.632863	2362.085449
6540.157226	0.756951	1.632863	3101.626221
6540.158127	0.091256	1.632863	3183.847900
6540.159029	0.091176	1.632863	3266.088135
6540.159916	0.091110	1.632863	3346.902344
6540.160878	0.091230	1.632863	3434.666016
6540.161779	0.091073	1.632863	3516.722900
6540.162667	0.091110	1.632863	3597.628174
6540.163590	0.091223	1.632863	3681.827148
6540.164497	0.091168	1.632863	3764.516602
6540.165386	0.091106	1.632863	3845.509766
6540.166313	0.091205	1.632863	3930.056641
6541.204944	1.460112	1.632686	640.989319
6541.205838	1.906655	1.632686	2345.539062
6541.206807	0.783842	1.632686	3105.081543
6541.207712	0.091421	1.632686	3187.817383
6541.208601	0.091179	1.632686	3268.875732
6541.209520	0.091190	1.632686	3352.679443
6541.210437	0.091216	1.632686	3436.324463
6541.211344	0.091146	1.632686	3518.994141
6541.212239	0.091168	1.632686	3600.589600
6541.213167	0.091219	1.632686	3685.241211
6541.214065	0.091278	1.632686	3767.208984
6541.214964	0.091146	1.632686	3849.149414
6541.215852	0.091139	1.632686	3930.080811
6542.250463	1.490369	1.632662	670.665894
6542.251371	1.906710	1.632662	2401.958740
6542.252270	0.854469	1.632662	3170.126465
6542.253221	0.091476	1.632662	3257.119873
6542.254120	0.091271	1.632662	3339.172363
6542.255014	0.091165	1.632662	3420.673584
6542.255900	0.091154	1.632662	3501.435547
6542.256847	0.091154	1.632662	3587.758057
6542.257754	0.091047	1.632662	3670.337891
6542.258654	0.091187	1.632662	3752.405762
6542.259574	0.091300	1.632662	3836.401855
6542.260472	0.091179	1.632662	3918.280762
6542.261370	0.091143	1.632662	4000.126709
6543.299595	1.526455	1.632884	764.754028
6543.300494	1.905502	1.632884	2477.800049
6543.301406	0.753223	1.632884	3164.739014
6543.302296	0.091403	1.632884	3246.087402
6543.303256	0.091274	1.632884	3333.710937
6543.304160	0.091223	1.632884	3416.176758
6543.305061	0.091249	1.632884	3498.391846
6543.305974	0.091289	1.632884	3581.738770
6543.306876	0.091245	1.632884	3664.041748
6543.307780	0.091091	1.632884	3746.388184
6543.308669	0.091150	1.632884	3827.420410
6543.309601	0.091154	1.632884	3912.375488
6543.310508	0.091179	1.632884	3995.074951
6544.345543	1.457120	1.632920	638.218750
6544.346527	1.905396	1.632920	2513.127930
6544.347441	0.708992	1.632920	3161.146240
6544.348337	0.091293	1.632920	3242.944580
6544.349268	0.091234	1.632920	3327.883545
6544.350170	0.091300	1.632920	3410.236084
6544.351080	0.091252	1.632920	3493.275879
6544.351971	0.091194	1.632920	3574.529541
6544.352899	0.091282	1.632920	3659.239014
6544.353810	0.091157	1.632920	3742.283203
6544.354713	0.091234	1.632920	3824.667725
6544.355601	0.091223	1.632920	3905.673828
6544.356548	0.091311	1.632920	3992.145264
6545.394133	1.470623	1.632912	658.838867
6545.395037	1.906282	1.632912	2382.117676
6545.395977	0.789342	1.632912	3124.099121
6545.396864	0.091553	1.632912	3205.306396
6545.397814	0.091146	1.632912	3291.895264
6545.398736	0.091168	1.632912	3375.952393
6545.399622	0.091135	1.632912	3456.698242
6545.400582	0.091198	1.632912	3544.247803
6545.401470	0.091168	1.632912	3625.205078
6545.402363	0.091161	1.632912	3706.611816
6545.403286	0.091208	1.632912	3790.797363
6545.404217	0.091106	1.632912	3875.616943
6545.405117	0.091198	1.632912	3957.694824
6546.440659	1.472428	1.632694	655.230469
6546.441565	1.907150	1.632694	2383.107910
6546.442519	0.788243	1.632694	3135.092041
6546.443429	0.091307	1.632694	3218.181641
6546.444333	0.091132	1.632694	3300.564697
6546.445220	0.091168	1.632694	3381.430908
6546.446166	0.091208	1.632694	3467.714111
6546.447068	0.091205	1.632694	3549.980957
6546.447970	0.091205	1.632694	3632.247803
6546.448861	0.091135	1.632694	3713.449219
6546.449811	0.091223	1.632694	3800.111328
6546.450718	0.091117	1.632694	3882.754395
6546.451614	0.091227	1.632694	3964.493652
6547.488210	1.464770	1.632771	648.893311
6547.489110	1.907237	1.632771	2365.406982
6547.490070	0.783677	1.632771	3117.736816
6547.490975	0.091333	1.632771	3200.393066
6547.491898	0.091176	1.632771	3284.548096
6547.492785	0.091165	1.632771	3365.411133
6547.493725	0.091183	1.632771	3451.123047
6547.494620	0.091132	1.632771	3532.685791
6547.495507	0.091230	1.632771	3613.607178
6547.496430	0.091179	1.632771	3697.765625
6547.497341	0.091168	1.632771	3780.819824
6547.498241	0.091106	1.632771	3862.815186
6547.499128	0.091227	1.632771	3943.733398
6548.536284	1.488732	1.632956	662.485596
6548.537204	1.906267	1.632956	2416.251221
6548.538104	0.835210	1.632956	3167.940186
6548.539059	0.091791	1.632956	3255.600342
6548.539958	0.091187	1.632956	3337.577148
6548.540859	0.091161	1.632956	3419.713135
6548.541749	0.091208	1.632956	3500.888672
6548.542687	0.091227	1.632956	3586.459473
6548.543594	0.091326	1.632956	3669.291748
6548.544491	0.091146	1.632956	3751.049805
6548.545402	0.091230	1.632956	3834.160645
6548.546321	0.091245	1.632956	3918.014893
6548.547227	0.091234	1.632956	4000.673096
6549.582825	1.464042	1.632557	685.171509
6549.583780	1.904821	1.632557	2504.275146
6549.584692	0.700682	1.632557	3143.297363
6549.585582	0.091289	1.632557	3224.544678
6549.586536	0.091201	1.632557	3311.550537
6549.587436	0.091110	1.632557	3393.549316
6549.588356	0.091040	1.632557	3477.306152
6549.589240	0.091150	1.632557	3557.882568
6549.590184	0.091161	1.632557	3643.938477
6549.591083	0.091022	1.632557	3725.767090
6549.591975	0.091062	1.632557	3806.994385
6549.592891	0.091201	1.632557	3890.534668
6549.593808	0.091099	1.632557	3974.072021
6550.631369	1.449565	1.632795	633.460083
6550.632325	1.906077	1.632795	2455.669434
6550.633244	0.752161	1.632795	3146.905029
6550.634149	0.091414	1.632795	3229.634277
6550.635034	0.091267	1.632795	3310.405762
6550.635979	0.091326	1.632795	3396.708496
6550.636881	0.091194	1.632795	3478.965332
6550.637772	0.091150	1.632795	3560.179932
6550.638694	0.091165	1.632795	3644.233643
6550.639599	0.091307	1.632795	3726.866699
6550.640502	0.091154	1.632795	3809.178467
6550.641390	0.091201	1.632795	3890.165039
6550.642337	0.091260	1.632795	3976.588135
6551.676885	1.476350	1.632936	662.881165
6551.677788	1.906791	1.632936	2384.713135
6551.678686	0.873633	1.632936	3169.235352
6551.679630	0.091926	1.632936	3256.013672
6551.680540	0.091157	1.632936	3338.966797
6551.681460	0.091227	1.632936	3422.895508
6551.682349	0.091154	1.632936	3503.931152
6551.683310	0.091194	1.632936	3591.568359
6551.684208	0.091194	1.632936	3673.460449
6551.685100	0.091216	1.632936	3754.824951
6551.686031	0.091208	1.632936	3839.739990
6551.686946	0.091198	1.632936	3923.185791
6551.687851	0.091073	1.632936	4005.606934
6552.726501	1.487472	1.632851	672.337341
6552.727401	1.907080	1.632851	2388.709473
6552.728341	0.830918	1.632851	3169.772461
6552.729265	0.091373	1.632851	3254.201416
6552.730173	0.091190	1.632851	3337.002197
6552.731072	0.091190	1.632851	3418.982178
6552.732013	0.091245	1.632851	3504.843750
6552.732914	0.091216	1.632851	3587.029297
6552.733810	0.091176	1.632851	3668.722656
6552.734693	0.091252	1.632851	3749.298584
6552.735626	0.091285	1.632851	3834.467773
6552.736535	0.091161	1.632851	3917.333008
6552.737435	0.091194	1.632851	3999.407471
6553.771469	1.456362	1.632743	633.517639
6553.772402	1.906154	1.632743	2411.958984
6553.773331	0.787852	1.632743	3143.873047
6553.774232	0.091461	1.632743	3226.279541
6553.775124	0.091245	1.632743	3307.670166
6553.776061	0.091187	1.632743	3393.111816
6553.776964	0.091117	1.632743	3475.390381
6553.777860	0.091154	1.632743	3557.063965
6553.778798	0.091241	1.632743	3642.648437
6553.779711	0.091227	1.632743	3725.938477
6553.780612	0.091146	1.632743	3808.061279
6553.781498	0.091139	1.632743	3888.810303
6553.782443	0.091252	1.632743	3975.043945
6554.822104	1.482964	1.632694	659.918945
6554.823026	1.906604	1.632694	2417.807617
6554.823938	0.814215	1.632694	3160.371826
6554.824859	0.091630	1.632694	3244.762695
6554.825760	0.091252	1.632694	3326.981201
6554.826671	0.091198	1.632694	3410.062012
6554.827559	0.091187	1.632694	3491.035645
6554.828485	0.091263	1.632694	3575.545654
6554.829391	0.091146	1.632694	3658.124023
6554.830292	0.091219	1.632694	3740.312744
6554.831179	0.091183	1.632694	3821.191895
6554.832122	0.091282	1.632694	3907.270508
6554.833029	0.091124	1.632694	3989.920166
6555.865577	1.507097	1.632944	690.250488
6555.866498	1.905927	1.632944	2445.608887
6555.867419	0.763931	1.632944	3149.188965
6555.868307	0.091483	1.632944	3230.426025
6555.869262	0.091205	1.632944	3317.526611
6555.870165	0.091128	1.632944	3399.815186
6555.871051	0.091154	1.632944	3480.577148
6555.871984	0.091219	1.632944	3565.684814
6555.872893	0.091168	1.632944	3648.556641
6555.873789	0.091208	1.632944	3730.279541
6555.874710	0.091201	1.632944	3814.275879
6555.875624	0.091245	1.632944	3897.673828
6555.876531	0.091205	1.632944	3980.396484
6556.916691	1.468671	1.632731	652.089783
6556.917586	1.906582	1.632731	2358.480713
6556.918562	0.762762	1.632731	3102.936768
6556.919469	0.091458	1.632731	3185.888672
6556.920362	0.091219	1.632731	3267.347656
6556.921286	0.091271	1.632731	3351.681885
6556.922197	0.091263	1.632731	3434.822754
6556.923105	0.091201	1.632731	3517.633301
6556.924002	0.091190	1.632731	3599.430908
6556.924935	0.091318	1.632731	3684.630859
6556.925840	0.091315	1.632731	3767.270752
6556.926737	0.091219	1.632731	3849.094727
6556.927623	0.091161	1.632731	3929.863281
6557.960649	1.449650	1.632880	632.047241
6557.961596	1.906260	1.632880	2437.275146
6557.962520	0.765465	1.632880	3144.564941
6557.963422	0.091414	1.632880	3227.020020
6557.964311	0.091205	1.632880	3308.101074
6557.965253	0.091234	1.632880	3394.043701
6557.966158	0.091150	1.632880	3476.534424
6557.967046	0.091150	1.632880	3557.475586
6557.967990	0.091249	1.632880	3643.614502
6557.968889	0.091238	1.632880	3725.637207
6557.969790	0.091190	1.632880	3807.799561
6557.970680	0.091208	1.632880	3888.975098
6557.971601	0.091263	1.632880	3973.028809
6559.011797	1.474468	1.632936	650.240295
6559.012722	1.906249	1.632936	2413.520508
6559.013631	0.819298	1.632936	3158.262451
6559.014521	0.091666	1.632936	3239.845459
6559.015461	0.091274	1.632936	3325.643311
6559.016353	0.091183	1.632936	3406.978516
6559.017273	0.091150	1.632936	3490.836426
6559.018172	0.091208	1.632936	3572.832764
6559.019099	0.091241	1.632936	3657.413574
6559.020015	0.091135	1.632936	3740.893555
6559.020939	0.091208	1.632936	3825.170166
6559.021828	0.091234	1.632936	3906.277344
6559.022780	0.091161	1.632936	3993.062500
6560.055769	1.480283	1.632819	666.127441
6560.056674	1.906652	1.632819	2391.646973
6560.057605	0.831892	1.632819	3166.138672
6560.058527	0.091523	1.632819	3250.523193
6560.059436	0.091154	1.632819	3333.381836
6560.060332	0.091194	1.632819	3415.091553
6560.061260	0.091256	1.632819	3499.777100
6560.062156	0.091201	1.632819	3581.493408
6560.063054	0.091241	1.632819	3663.428223
6560.063943	0.091219	1.632819	3744.522461
6560.064889	0.091282	1.632819	3830.875000
6560.065785	0.091252	1.632819	3912.637207
6560.066683	0.091172	1.632819	3994.509521
6561.105874	1.471245	1.630398	657.646545
6561.106781	1.906871	1.630398	2387.178711
6561.107684	0.863730	1.630398	3167.127441
6561.108634	0.091897	1.630398	3254.429687
6561.109546	0.091205	1.630398	3337.608398
6561.110463	0.091238	1.630398	3421.273437
6561.111348	0.091234	1.630398	3502.015625
6561.112283	0.091282	1.630398	3587.364014
6561.113186	0.091165	1.630398	3669.685547
6561.114074	0.091194	1.630398	3750.665771
6561.114987	0.091263	1.630398	3833.989258
6561.115917	0.091157	1.630398	3918.765381
6561.116816	0.091183	1.630398	4000.738770
6562.151368	1.459687	1.632525	633.504333
6562.152284	1.906857	1.632525	2380.185059
6562.153198	0.845182	1.632525	3152.681152
6562.154134	0.091802	1.632525	3238.607666
6562.155040	0.091223	1.632525	3321.255859
6562.155948	0.091161	1.632525	3404.030029
6562.156839	0.091146	1.632525	3485.241211
6562.157763	0.091241	1.632525	3569.548340
6562.158664	0.091212	1.632525	3651.730469
6562.159567	0.091172	1.632525	3734.058594
6562.160459	0.091128	1.632525	3815.344727
6562.161415	0.091252	1.632525	3902.582031
6562.162322	0.091212	1.632525	3985.311523
6563.199945	1.460207	1.632827	639.570862
6563.200839	1.906289	1.632827	2343.793213
6563.201826	0.741306	1.632827	3075.462402
6563.202730	0.091241	1.632827	3157.944580
6563.203622	0.091219	1.632827	3239.312256
6563.204553	0.091157	1.632827	3324.179687
6563.205456	0.091146	1.632827	3406.484863
6563.206355	0.091128	1.632827	3488.408936
6563.207243	0.091205	1.632827	3569.398926
6563.208181	0.091289	1.632827	3655.028076
6563.209085	0.091128	1.632827	3737.407715
6563.209980	0.091135	1.632827	3818.973877
6563.210911	0.091245	1.632827	3903.923096
6564.247546	1.529286	1.632835	746.291504
6564.248464	1.905751	1.632835	2495.770752
6564.249371	0.746634	1.632835	3172.968262
6564.250262	0.091410	1.632835	3254.414551
6564.251213	0.091296	1.632835	3341.237305
6564.252122	0.091128	1.632835	3424.072510
6564.253022	0.091190	1.632835	3506.143555
6564.253951	0.091172	1.632835	3590.842285
6564.254849	0.091249	1.632835	3672.783691
6564.255746	0.091150	1.632835	3754.545166
6564.256630	0.091241	1.632835	3835.202637
6564.257569	0.091219	1.632835	3920.857666
6564.258483	0.091208	1.632835	4004.222168
6565.294097	1.527037	1.631933	778.789001
6565.294998	1.905271	1.631933	2495.438232
6565.295902	0.742943	1.631933	3167.058838
6565.296789	0.091315	1.631933	3248.054932
6565.297744	0.091216	1.631933	3335.166016
6565.298659	0.091091	1.631933	3418.514648
6565.299557	0.091113	1.631933	3500.334473
6565.300485	0.091146	1.631933	3584.918213
6565.301388	0.091187	1.631933	3667.259766
6565.302297	0.091095	1.631933	3750.065186
6565.303187	0.091080	1.631933	3831.126709
6565.304114	0.091205	1.631933	3915.673584
6565.305021	0.091205	1.631933	3998.396484
6566.343113	1.451041	1.632980	632.653992
6566.344079	1.905648	1.632980	2473.510254
6566.345007	0.716671	1.632980	3138.581055
6566.345910	0.091245	1.632980	3220.975342
6566.346794	0.091168	1.632980	3301.568115
6566.347736	0.091183	1.632980	3387.462402
6566.348650	0.091154	1.632980	3470.776855
6566.349538	0.091139	1.632980	3551.708252
6566.350447	0.091172	1.632980	3634.583496
6566.351344	0.091128	1.632980	3716.325195
6566.352290	0.091124	1.632980	3802.528809
6566.353210	0.091077	1.632980	3886.319336
6566.354105	0.091132	1.632980	3967.882080
6567.387600	1.472710	1.632658	652.410461
6567.388518	1.906677	1.632658	2402.739990
6567.389427	0.830574	1.632658	3157.731445
6567.390358	0.091747	1.632658	3243.147705
6567.391254	0.091282	1.632658	3324.936035
6567.392151	0.091088	1.632658	3406.641602
6567.393040	0.091198	1.632658	3487.716309
6567.393971	0.091249	1.632658	3572.668945
6567.394874	0.091176	1.632658	3655.000488
6567.395770	0.091168	1.632658	3736.687256
6567.396656	0.091091	1.632658	3817.394043
6567.397615	0.091179	1.632658	3904.834961
6567.398520	0.091190	1.632658	3987.362061
6568.439268	1.470535	1.632771	683.798645
6568.440176	1.906750	1.632771	2415.127930
6568.441132	0.779963	1.632771	3160.772949
6568.442037	0.091113	1.632771	3243.230469
6568.442961	0.091113	1.632771	3327.419189
6568.443848	0.091106	1.632771	3408.230225
6568.444796	0.091154	1.632771	3494.643799
6568.445696	0.091128	1.632771	3576.658936
6568.446617	0.091139	1.632771	3660.597900
6568.447503	0.091117	1.632771	3741.327637
6568.448437	0.091058	1.632771	3826.376221
6568.449344	0.091040	1.632771	3908.949463
6568.450232	0.091150	1.632771	3989.890625
6569.481182	1.479503	1.632585	658.378906
6569.482088	1.906871	1.632585	2386.004395
6569.482986	0.871824	1.632585	3168.902100
6569.483933	0.091399	1.632585	3255.456787
6569.484847	0.091099	1.632585	3338.720947
6569.485743	0.091139	1.632585	3420.381348
6569.486665	0.091165	1.632585	3504.435059
6569.487579	0.091172	1.632585	3587.766113
6569.488482	0.091040	1.632585	3669.975342
6569.489378	0.091117	1.632585	3751.616211
6569.490319	0.091187	1.632585	3837.422852
6569.491221	0.091132	1.632585	3919.623535
6569.492118	0.091143	1.632585	4001.378418
6570.533835	1.468004	1.632759	645.921814
6570.534822	1.904773	1.632759	2525.932617
6570.535738	0.692596	1.632759	3160.351074
6570.536634	0.091198	1.632759	3242.063965
6570.537586	0.091208	1.632759	3328.894531
6570.538488	0.091154	1.632759	3411.114990
6570.539387	0.091187	1.632759	3493.091797
6570.540294	0.091190	1.632759	3575.801270
6570.541237	0.091201	1.632759	3661.803955
6570.542145	0.091154	1.632759	3744.571289
6570.543037	0.091157	1.632759	3825.883545
6570.543969	0.091249	1.632759	3910.927490
6570.544874	0.091168	1.632759	3993.434814
6571.575751	1.457560	1.632187	631.123413
6571.576697	1.905465	1.632187	2433.693359
6571.577627	0.754702	1.632187	3135.566406
6571.578532	0.091326	1.632187	3218.216064
6571.579421	0.091139	1.632187	3299.238525
6571.580373	0.091234	1.632187	3386.093506
6571.581276	0.091172	1.632187	3468.421631
6571.582177	0.091190	1.632187	3550.583984
6571.583097	0.091121	1.632187	3634.415039
6571.584008	0.091289	1.632187	3717.579346
6571.584916	0.091187	1.632187	3800.376709
6571.585807	0.091161	1.632187	3881.601074
6571.586741	0.091176	1.632187	3966.759033
6572.629450	1.453872	1.632839	635.342102
6572.630418	1.905114	1.632839	2479.491943
6572.631350	0.726614	1.632839	3156.696045
6572.632239	0.091285	1.632839	3237.848877
6572.633127	0.091139	1.632839	3318.780273
6572.634059	0.091252	1.632839	3403.827637
6572.634964	0.091205	1.632839	3486.367920
6572.635854	0.091143	1.632839	3567.484863
6572.636808	0.091216	1.632839	3654.504639
6572.637703	0.091198	1.632839	3736.126465
6572.638606	0.091176	1.632839	3818.458008
6572.639494	0.091095	1.632839	3899.350342
6572.640427	0.091187	1.632839	3984.427246
6573.669906	1.523987	1.632936	774.185303
6573.670822	1.904989	1.632936	2519.155273
6573.671729	0.717261	1.632936	3169.710693
6573.672614	0.091318	1.632936	3250.527344
6573.673548	0.091238	1.632936	3335.743408
6573.674459	0.091194	1.632936	3418.821045
6573.675356	0.091135	1.632936	3500.569336
6573.676274	0.091183	1.632936	3584.275146
6573.677179	0.091205	1.632936	3666.815430
6573.678089	0.091080	1.632936	3749.698486
6573.678982	0.091161	1.632936	3831.105225
6573.679910	0.091194	1.632936	3915.733154
6573.680818	0.091241	1.632936	3998.580322
6574.725077	1.474204	1.632674	656.020813
6574.725977	1.905970	1.632674	2371.394043
6574.726945	0.751783	1.632674	3099.120605
6574.727854	0.091348	1.632674	3182.155518
6574.728750	0.091219	1.632674	3263.888184
6574.729681	0.091198	1.632674	3348.792969
6574.730583	0.091132	1.632674	3430.993652
6574.731482	0.091139	1.632674	3512.927490
6574.732369	0.091198	1.632674	3593.819580
6574.733317	0.091212	1.632674	3680.288818
6574.734211	0.091187	1.632674	3761.809570
6574.735121	0.091216	1.632674	3844.815918
6574.736012	0.091190	1.632674	3926.066406
6575.764438	1.479796	1.632835	664.428467
6575.765342	1.907098	1.632835	2388.445312
6575.766292	0.801332	1.632835	3149.710449
6575.767193	0.091531	1.632835	3232.179687
6575.768100	0.091128	1.632835	3314.832764
6575.768987	0.091172	1.632835	3395.702148
6575.769923	0.091208	1.632835	3481.073242
6575.770818	0.091249	1.632835	3562.740967
6575.771715	0.091179	1.632835	3644.528809
6575.772617	0.091205	1.632835	3726.795654
6575.773550	0.091322	1.632835	3811.999023
6575.774455	0.091168	1.632835	3894.506348
6575.775351	0.091161	1.632835	3976.186523
6576.819699	1.520076	1.632896	720.515869
6576.820620	1.905710	1.632896	2475.675293
6576.821531	0.753541	1.632896	3162.151367
6576.822418	0.091450	1.632896	3243.267578
6576.823370	0.091285	1.632896	3330.171387
6576.824282	0.091172	1.632896	3413.320068
6576.825172	0.091194	1.632896	3494.482666
6576.826115	0.091326	1.632896	3580.602783
6576.827010	0.091157	1.632896	3662.188477
6576.827914	0.091110	1.632896	3744.551514
6576.828801	0.091176	1.632896	3825.424316
6576.829736	0.091179	1.632896	3910.676758
6576.830645	0.091212	1.632896	3993.588623
6577.859017	1.468191	1.632864	643.067627
6577.859991	1.905685	1.632864	2499.204590
6577.860912	0.728210	1.632864	3169.886475
6577.861800	0.091245	1.632864	3250.912109
6577.862740	0.091256	1.632864	3336.692871
6577.863643	0.091227	1.632864	3419.070801
6577.864539	0.091084	1.632864	3500.682129
6577.865425	0.091095	1.632864	3581.392334
6577.866360	0.091223	1.632864	3666.686035
6577.867265	0.091157	1.632864	3749.183350
6577.868170	0.091124	1.632864	3831.650879
6577.869074	0.091219	1.632864	3914.113281
6577.870009	0.091219	1.632864	3999.403564
6578.914756	1.450975	1.633093	626.821411
6578.915675	1.906014	1.633093	2378.448730
6578.916637	0.749506	1.633093	3099.473145
6578.917549	0.091271	1.633093	3182.712158
6578.918444	0.091179	1.633093	3264.317627
6578.919389	0.091267	1.633093	3350.564941
6578.920296	0.091187	1.633093	3433.270996
6578.921190	0.091201	1.633093	3514.804932
6578.922076	0.091143	1.633093	3595.557373
6578.923007	0.091205	1.633093	3680.468994
6578.923914	0.091212	1.633093	3763.198486
6578.924810	0.091161	1.633093	3844.878662
6578.925739	0.091172	1.633093	3929.577393
6579.954135	1.489493	1.632771	674.740479
6579.955039	1.907043	1.632771	2398.707764
6579.955987	0.779700	1.632771	3137.863037
6579.956894	0.091450	1.632771	3220.808350
6579.957797	0.091146	1.632771	3303.113281
6579.958682	0.091135	1.632771	3383.768066
6579.959629	0.091256	1.632771	3470.187500
6579.960537	0.091194	1.632771	3552.991455
6579.961427	0.091154	1.632771	3634.118164
6579.962363	0.091219	1.632771	3719.499512
6579.963269	0.091157	1.632771	3802.087891
6579.964176	0.091201	1.632771	3884.807373
6579.965074	0.091172	1.632771	3966.679687
6581.008898	1.486908	1.632803	737.506348
6581.009824	1.905256	1.632803	2501.773926
6581.010746	0.690428	1.632803	3138.348877
6581.011640	0.091187	1.632803	3219.869629
6581.012574	0.091245	1.632803	3305.092529
6581.013483	0.091168	1.632803	3387.964355
6581.014388	0.091150	1.632803	3470.455078
6581.015277	0.091165	1.632803	3551.500488
6581.016205	0.091227	1.632803	3636.158936
6581.017110	0.091150	1.632803	3718.649658
6581.017999	0.091124	1.632803	3799.659180
6581.018930	0.091165	1.632803	3884.533447
6581.019833	0.091179	1.632803	3966.868164
6582.049245	1.484019	1.632960	660.388245
6582.050157	1.906571	1.632960	2399.180908
6582.051072	0.819042	1.632960	3148.604004
6582.051962	0.091626	1.632960	3230.151123
6582.052922	0.091245	1.632960	3317.746338
6582.053827	0.091146	1.632960	3400.233643
6582.054723	0.091165	1.632960	3481.916992
6582.055665	0.091241	1.632960	3567.866455
6582.056563	0.091165	1.632960	3649.732178
6582.057461	0.091113	1.632960	3731.552002
6582.058346	0.091106	1.632960	3812.180664
6582.059281	0.091179	1.632960	3897.433105
6582.060188	0.091106	1.632960	3980.066162
6583.103958	1.459109	1.632799	643.467041
6583.104852	1.907336	1.632799	2348.625977
6583.105809	0.789335	1.632799	3104.019287
6583.106711	0.091428	1.632799	3186.487549
6583.107610	0.091194	1.632799	3268.470703
6583.108497	0.091198	1.632799	3349.362793
6583.109451	0.091296	1.632799	3436.459473
6583.110364	0.091135	1.632799	3519.666016
6583.111262	0.091139	1.632799	3601.508789
6583.112197	0.091256	1.632799	3686.833252
6583.113095	0.091194	1.632799	3768.725342
6583.113994	0.091113	1.632799	3850.636230
6583.114884	0.091168	1.632799	3931.775879
6584.144847	1.463265	1.632799	646.763306
6584.145841	1.904788	1.632799	2540.122070
6584.146755	0.677541	1.632799	3159.395020
6584.147651	0.091121	1.632799	3241.039062
6584.148571	0.091249	1.632799	3324.988037
6584.149477	0.091219	1.632799	3407.632812
6584.150388	0.091172	1.632799	3490.690430
6584.151276	0.091212	1.632799	3571.686768
6584.152203	0.091205	1.632799	3656.233643
6584.153112	0.091194	1.632799	3739.128906
6584.154017	0.091143	1.632799	3821.613037
6584.154907	0.091088	1.632799	3902.681152
6584.155848	0.091267	1.632799	3988.563477
6585.197514	1.455729	1.632827	634.697754
6585.198462	1.905615	1.632827	2441.221191
6585.199393	0.745759	1.632827	3135.523193
6585.200298	0.091183	1.632827	3218.043701
6585.201202	0.091205	1.632827	3300.492920
6585.202150	0.091249	1.632827	3386.996826
6585.203052	0.091227	1.632827	3469.283447
6585.203950	0.091208	1.632827	3551.188721
6585.204837	0.091227	1.632827	3632.106934
6585.205776	0.091249	1.632827	3717.789551
6585.206687	0.091179	1.632827	3800.853760
6585.207588	0.091198	1.632827	3883.022705
6585.208520	0.091271	1.632827	3968.087158
6586.240973	1.466298	1.632888	643.704590
6586.241914	1.906179	1.632888	2437.418945
6586.242841	0.765425	1.632888	3146.967773
6586.243748	0.091384	1.632888	3229.853271
6586.244640	0.091201	1.632888	3311.204834
6586.245594	0.091278	1.632888	3398.284180
6586.246495	0.091282	1.632888	3480.529053
6586.247390	0.091179	1.632888	3562.134521
6586.248308	0.091216	1.632888	3645.870605
6586.249212	0.091234	1.632888	3728.346191
6586.250117	0.091161	1.632888	3810.846680
6586.251015	0.091121	1.632888	3892.673096
6586.251948	0.091238	1.632888	3977.797852
6587.291652	1.482338	1.632839	736.721802
6587.292568	1.905406	1.632839	2482.073975
6587.293483	0.720333	1.632839	3141.178955
6587.294375	0.091227	1.632839	3222.553223
6587.295334	0.091190	1.632839	3310.004639
6587.296237	0.091176	1.632839	3392.336182
6587.297136	0.091146	1.632839	3474.276611
6587.298021	0.091117	1.632839	3554.915039
6587.298964	0.091172	1.632839	3640.890137
6587.299877	0.091168	1.632839	3724.126709
6587.300770	0.091168	1.632839	3805.540039
6587.301701	0.091208	1.632839	3890.455078
6587.302601	0.091183	1.632839	3972.519531
6588.336598	1.482224	1.632722	668.483093
6588.337496	1.907267	1.632722	2381.208740
6588.338463	0.753677	1.632722	3110.014160
6588.339355	0.091447	1.632722	3191.584473
6588.340256	0.091179	1.632722	3273.736816
6588.341143	0.091161	1.632722	3354.596436
6588.342074	0.091168	1.632722	3439.474121
6588.342985	0.091146	1.632722	3522.508301
6588.343886	0.091249	1.632722	3604.723389
6588.344816	0.091223	1.632722	3689.561035
6588.345724	0.091241	1.632722	3772.408203
6588.346629	0.091139	1.632722	3854.888916
6588.347528	0.091212	1.632722	3936.888672
6589.385196	1.512971	1.632763	702.018616
6589.386112	1.906355	1.632763	2448.239746
6589.387025	0.783336	1.632763	3163.425781
6589.387918	0.091531	1.632763	3245.162842
6589.388860	0.091227	1.632763	3331.098389
6589.389768	0.091117	1.632763	3413.832520
6589.390658	0.091128	1.632763	3494.936279
6589.391588	0.091212	1.632763	3579.763672
6589.392497	0.091121	1.632763	3662.592285
6589.393400	0.091212	1.632763	3744.956787
6589.394292	0.091143	1.632763	3826.255859
6589.395239	0.091219	1.632763	3912.640625
6589.396143	0.091190	1.632763	3995.076660
6590.432721	1.465547	1.632690	649.237244
6590.433623	1.907454	1.632690	2369.760254
6590.434556	0.851180	1.632690	3163.911621
6590.435487	0.091443	1.632690	3249.044922
6590.436398	0.091128	1.632690	3332.062500
6590.437291	0.091194	1.632690	3413.498535
6590.438224	0.091274	1.632690	3498.657471
6590.439131	0.091227	1.632690	3581.400146
6590.440024	0.091249	1.632690	3662.885254
6590.440909	0.091176	1.632690	3743.575684
6590.441844	0.091212	1.632690	3828.859131
6590.442747	0.091161	1.632690	3911.177490
6590.443644	0.091121	1.632690	3992.912598
6591.479270	1.504387	1.632839	704.053223
6591.480173	1.906688	1.632839	2425.792725
6591.481106	0.807202	1.632839	3178.912354
6591.482037	0.091274	1.632839	3263.888916
6591.482942	0.091135	1.632839	3346.366211
6591.483840	0.091124	1.632839	3428.195801
6591.484773	0.091179	1.632839	3513.266113
6591.485674	0.091143	1.632839	3595.385498
6591.486571	0.091113	1.632839	3677.114014
6591.487456	0.091110	1.632839	3757.746094
6591.488385	0.091190	1.632839	3842.461670
6591.489292	0.091234	1.632839	3925.210937
6591.490188	0.091179	1.632839	4006.907471
6592.527870	1.480400	1.632759	728.356934
6592.528785	1.905586	1.632759	2471.968018
6592.529699	0.734451	1.632759	3143.255859
6592.530591	0.091300	1.632759	3224.695557
6592.531527	0.091282	1.632759	3310.135254
6592.532436	0.091201	1.632759	3393.037109
6592.533339	0.091172	1.632759	3475.365234
6592.534230	0.091230	1.632759	3556.651611
6592.535173	0.091307	1.632759	3642.754395
6592.536085	0.091168	1.632759	3725.899902
6592.536979	0.091146	1.632759	3807.384521
6592.537863	0.091238	1.632759	3888.038818
6592.538788	0.091223	1.632759	3972.420166
6593.573318	1.448716	1.633000	628.742676
6593.574247	1.905666	1.633000	2399.106934
6593.575198	0.748678	1.633000	3111.099609
6593.576106	0.091311	1.633000	3194.010010
6593.577006	0.091230	1.633000	3276.117432
6593.577932	0.091208	1.633000	3360.576416
6593.578837	0.091172	1.633000	3443.086914
6593.579740	0.091179	1.633000	3525.421631
6593.580625	0.091179	1.633000	3606.115234
6593.581569	0.091289	1.633000	3692.291992
6593.582475	0.091150	1.633000	3774.873779
6593.583366	0.091241	1.633000	3856.169922
6593.584281	0.091326	1.633000	3939.732910
6594.623429	1.455362	1.633000	631.627319
6594.624383	1.905835	1.633000	2449.793945
6594.625308	0.748253	1.633000	3141.928223
6594.626209	0.091359	1.633000	3224.242432
6594.627098	0.091113	1.633000	3305.242187
6594.628038	0.091271	1.633000	3391.036621
6594.628936	0.091201	1.633000	3472.935303
6594.629838	0.091099	1.633000	3555.106201
6594.630725	0.091241	1.633000	3636.037354
6594.631627	0.091154	1.633000	3718.257812
6594.632568	0.091176	1.633000	3804.053955
6594.633470	0.091121	1.633000	3886.244629
6594.634359	0.091190	1.633000	3967.312744
6595.667451	1.484560	1.632847	722.980957
6595.668360	1.906077	1.632847	2455.604492
6595.669284	0.751267	1.632847	3149.775391
6595.670174	0.091296	1.632847	3231.029297
6595.671106	0.091300	1.632847	3316.120850
6595.672009	0.091212	1.632847	3398.485352
6595.672910	0.091190	1.632847	3480.647705
6595.673799	0.091135	1.632847	3561.666992
6595.674753	0.091227	1.632847	3648.697266
6595.675663	0.091143	1.632847	3731.636963
6595.676564	0.091201	1.632847	3813.809326
6595.677495	0.091154	1.632847	3898.673340
6595.678390	0.091190	1.632847	3980.288574
6596.718550	1.481591	1.632823	659.307800
6596.719460	1.906677	1.632823	2394.384033
6596.720384	0.813834	1.632823	3146.366943
6596.721282	0.091663	1.632823	3228.679932
6596.722231	0.091190	1.632823	3315.219482
6596.723138	0.091201	1.632823	3397.938965
6596.724026	0.091201	1.632823	3478.925537
6596.724964	0.091227	1.632823	3564.496338
6596.725875	0.091212	1.632823	3647.590576
6596.726806	0.091230	1.632823	3732.526123
6596.727697	0.091249	1.632823	3813.828857
6596.728623	0.091282	1.632823	3898.355713
6596.729529	0.091128	1.632823	3980.917725
6597.762510	1.460676	1.632847	642.697571
6597.763405	1.906908	1.632847	2349.380371
6597.764380	0.753867	1.632847	3084.400879
6597.765278	0.091421	1.632847	3166.496826
6597.766172	0.091176	1.632847	3248.007812
6597.767061	0.091216	1.632847	3329.098633
6597.767988	0.091219	1.632847	3413.659180
6597.768898	0.091102	1.632847	3496.562256
6597.769793	0.091183	1.632847	3578.170898
6597.770722	0.091190	1.632847	3662.886475
6597.771626	0.091245	1.632847	3745.372070
6597.772524	0.091157	1.632847	3827.231201
6597.773412	0.091274	1.632847	3908.282959
6598.813651	1.464192	1.632855	647.172852
6598.814581	1.906109	1.632855	2419.854492
6598.815527	0.766827	1.632855	3145.273193
6598.816419	0.091373	1.632855	3226.778076
6598.817308	0.091216	1.632855	3307.868896
6598.818239	0.091227	1.632855	3392.801025
6598.819153	0.091172	1.632855	3476.132080
6598.820045	0.091230	1.632855	3557.509766
6598.820983	0.091201	1.632855	3643.056396
6598.821891	0.091183	1.632855	3725.850342
6598.822786	0.091212	1.632855	3807.485107
6598.823676	0.091274	1.632855	3888.719238
6598.824620	0.091267	1.632855	3974.875488
6599.857162	1.495166	1.632952	747.583008
6599.858077	1.905542	1.632952	2491.153809
6599.858991	0.731770	1.632952	3159.991699
6599.859876	0.091311	1.632952	3240.802002
6599.860819	0.091311	1.632952	3326.908203
6599.861732	0.091230	1.632952	3410.201660
6599.862639	0.091190	1.632952	3492.911133
6599.863547	0.091183	1.632952	3575.705078
6599.864487	0.091187	1.632952	3661.420410
6599.865395	0.091194	1.632952	3744.224365
6599.866289	0.091212	1.632952	3825.768066
6599.867228	0.091212	1.632952	3911.416260
6599.868128	0.091238	1.632952	3993.530273
6600.907754	1.502783	1.632880	692.783020
6600.908673	1.906205	1.632880	2444.585205
6600.909575	0.803170	1.632880	3169.044678
6600.910461	0.091644	1.632880	3250.241455
6600.911424	0.091271	1.632880	3338.135254
6600.912316	0.091143	1.632880	3419.434326
6600.913208	0.091201	1.632880	3500.785889
6600.914142	0.091198	1.632880	3585.964355
6600.915051	0.091223	1.632880	3668.886230
6600.915956	0.091106	1.632880	3751.337158
6600.916845	0.091135	1.632880	3832.356445
6600.917789	0.091296	1.632880	3918.540283
6600.918696	0.091117	1.632880	4001.183350
6601.952207	1.453491	1.632795	635.175659
6601.953100	1.906798	1.632795	2337.946289
6601.954086	0.757039	1.632795	3084.386230
6601.954998	0.091300	1.632795	3167.651855
6601.955889	0.091172	1.632795	3248.885986
6601.956823	0.091121	1.632795	3333.992676
6601.957728	0.091183	1.632795	3416.513184
6601.958637	0.091183	1.632795	3499.398437
6601.959538	0.091128	1.632795	3581.504639
6601.960462	0.091212	1.632795	3665.784668
6601.961368	0.091194	1.632795	3748.406250
6601.962273	0.091143	1.632795	3830.890381
6601.963159	0.091154	1.632795	3911.652344
6603.002824	1.453099	1.632884	630.645142
6603.003759	1.906435	1.632884	2413.162354
6603.004693	0.769970	1.632884	3132.313965
6603.005594	0.091447	1.632884	3214.707275
6603.006478	0.091190	1.632884	3295.319336
6603.007422	0.091161	1.632884	3381.375244
6603.008338	0.091187	1.632884	3464.902100
6603.009227	0.091208	1.632884	3545.986328
6603.010152	0.091187	1.632884	3630.333984
6603.011059	0.091271	1.632884	3713.116455
6603.011956	0.091073	1.632884	3794.808838
6603.012844	0.091113	1.632884	3875.717529
6603.013794	0.091263	1.632884	3962.417725
6604.047824	1.472340	1.632759	653.718994
6604.048724	1.907252	1.632759	2370.246094
6604.049623	0.882041	1.632759	3163.200928
6604.050569	0.091505	1.632759	3249.764893
6604.051479	0.091121	1.632759	3332.684570
6604.052380	0.091201	1.632759	3414.856934
6604.053303	0.091176	1.632759	3499.011963
6604.054209	0.091234	1.632759	3581.670166
6604.055106	0.091179	1.632759	3663.458008
6604.055992	0.091194	1.632759	3744.255859
6604.056940	0.091219	1.632759	3830.731934
6604.057851	0.091245	1.632759	3913.856201
6604.058748	0.091165	1.632759	3995.630859
6605.096927	1.482949	1.632884	661.395386
6605.097843	1.906897	1.632884	2408.113037
6605.098755	0.818580	1.632884	3154.658203
6605.099641	0.091718	1.632884	3235.919922
6605.100593	0.091311	1.632884	3322.848145
6605.101500	0.091165	1.632884	3405.534424
6605.102392	0.091190	1.632884	3486.875977
6605.103329	0.091307	1.632884	3572.430908
6605.104236	0.091249	1.632884	3655.193604
6605.105130	0.091179	1.632884	3736.707764
6605.106019	0.091179	1.632884	3817.766113
6605.106953	0.091267	1.632884	3903.009521
6605.107860	0.091256	1.632884	3985.778809
6606.142404	1.453671	1.632936	630.893127
6606.143359	1.905736	1.632936	2450.871094
6606.144290	0.736816	1.632936	3136.847168
6606.145196	0.091271	1.632936	3219.538574
6606.146087	0.091223	1.632936	3300.818359
6606.147026	0.091296	1.632936	3386.545654
6606.147940	0.091168	1.632936	3469.873291
6606.148829	0.091154	1.632936	3550.908691
6606.149769	0.091249	1.632936	3636.682617
6606.150666	0.091227	1.632936	3718.513184
6606.151556	0.091106	1.632936	3799.597412
6606.152444	0.091176	1.632936	3880.561279
6606.153378	0.091234	1.632936	3965.773926
6607.192010	1.456208	1.632755	631.994446
6607.192956	1.906095	1.632755	2435.160400
6607.193884	0.761979	1.632755	3142.276611
6607.194776	0.091362	1.632755	3223.771729
6607.195670	0.091190	1.632755	3305.295654
6607.196619	0.091234	1.632755	3391.876953
6607.197517	0.091245	1.632755	3473.814941
6607.198412	0.091143	1.632755	3555.387451
6607.199298	0.091161	1.632755	3636.156006
6607.200240	0.091172	1.632755	3722.039795
6607.201135	0.091183	1.632755	3803.648437
6607.202032	0.091190	1.632755	3885.446045
6607.202968	0.091219	1.632755	3970.827393
6608.238037	1.474534	1.632787	657.642029
6608.238931	1.907483	1.632787	2362.931641
6608.239902	0.768223	1.632787	3108.875732
6608.240806	0.091465	1.632787	3191.560059
6608.241703	0.091132	1.632787	3273.305176
6608.242588	0.091172	1.632787	3353.992187
6608.243522	0.091348	1.632787	3439.310791
6608.244429	0.091091	1.632787	3521.930664
6608.245328	0.091132	1.632787	3603.857910
6608.246255	0.091249	1.632787	3688.445557
6608.247155	0.091322	1.632787	3770.635498
6608.248058	0.091117	1.632787	3852.914062
6608.248975	0.091124	1.632787	3936.475098
6609.286150	1.477764	1.632642	737.404053
6609.287063	1.906025	1.632642	2477.605225
6609.287962	0.751703	1.632642	3153.386230
6609.288852	0.091373	1.632642	3234.708496
6609.289796	0.091176	1.632642	3320.778320
6609.290698	0.091172	1.632642	3403.015381
6609.291606	0.091113	1.632642	3485.746338
6609.292493	0.091084	1.632642	3566.537842
6609.293442	0.091256	1.632642	3653.139893
6609.294353	0.091172	1.632642	3736.197510
6609.295249	0.091124	1.632642	3817.844727
6609.296182	0.091154	1.632642	3902.891113
6609.297086	0.091161	1.632642	3985.300537
6610.333149	1.485249	1.632739	660.935852
6610.334070	1.906630	1.632739	2416.941895
6610.334977	0.815211	1.632739	3156.338379
6610.335887	0.091586	1.632739	3239.681396
6610.336806	0.091198	1.632739	3323.491943
6610.337715	0.091117	1.632739	3406.317139
6610.338604	0.091150	1.632739	3487.349365
6610.339541	0.091227	1.632739	3572.828857
6610.340435	0.091274	1.632739	3654.428223
6610.341338	0.091179	1.632739	3736.762939
6610.342222	0.091080	1.632739	3817.277832
6610.343180	0.091172	1.632739	3904.620605
6610.344086	0.091183	1.632739	3987.232178
6611.380687	1.467674	1.632727	653.115173
6611.381587	1.907402	1.632727	2369.777344
6611.382530	0.844420	1.632727	3166.065430
6611.383443	0.091509	1.632727	3249.613037
6611.384342	0.091157	1.632727	3331.563477
6611.385237	0.091179	1.632727	3413.168945
6611.386191	0.091282	1.632727	3500.251709
6611.387097	0.091201	1.632727	3582.879883
6611.387993	0.091139	1.632727	3664.540283
6611.388881	0.091150	1.632727	3745.481445
6611.389821	0.091234	1.632727	3831.241455
6611.390733	0.091157	1.632727	3914.376953
6611.391630	0.091172	1.632727	3996.158203
6612.427734	1.471901	1.632839	653.523865
6612.428627	1.907219	1.632839	2356.670654
6612.429599	0.764066	1.632839	3099.343018
6612.430495	0.091490	1.632839	3181.318604
6612.431395	0.091106	1.632839	3263.313965
6612.432303	0.091208	1.632839	3346.131348
6612.433233	0.091274	1.632839	3431.016602
6612.434139	0.091139	1.632839	3513.588379
6612.435034	0.091183	1.632839	3595.197021
6612.435960	0.091260	1.632839	3679.703613
6612.436862	0.091230	1.632839	3761.993408
6612.437765	0.091172	1.632839	3844.321533
6612.438655	0.091168	1.632839	3925.461182
6613.475781	1.455308	1.632879	631.603516
6613.476738	1.906036	1.632879	2455.680420
6613.477649	0.769497	1.632879	3156.692139
6613.478542	0.091469	1.632879	3238.373535
6613.479505	0.091293	1.632879	3326.288330
6613.480409	0.091205	1.632879	3408.737549
6613.481308	0.091146	1.632879	3490.677979
6613.482217	0.091223	1.632879	3573.599854
6613.483141	0.091260	1.632879	3657.923828
6613.484051	0.091190	1.632879	3740.906982
6613.484939	0.091176	1.632879	3821.870850
6613.485862	0.091252	1.632879	3906.096924
6613.486768	0.091216	1.632879	3988.738525
6614.522389	1.501029	1.632686	773.030029
6614.523299	1.905033	1.632686	2506.610107
6614.524208	0.701338	1.632686	3144.126221
6614.525101	0.091187	1.632686	3225.555664
6614.526037	0.091260	1.632686	3310.974854
6614.526943	0.091091	1.632686	3393.503662
6614.527856	0.091132	1.632686	3476.706787
6614.528744	0.091135	1.632686	3557.634766
6614.529677	0.091198	1.632686	3642.722168
6614.530582	0.091172	1.632686	3725.232666
6614.531471	0.091139	1.632686	3806.255127
6614.532403	0.091252	1.632686	3891.302490
6614.533305	0.091201	1.632686	3973.565918
6615.570909	1.467532	1.632501	655.986633
6615.571800	1.906564	1.632501	2354.734863
6615.572762	0.770570	1.632501	3096.023193
6615.573678	0.091355	1.632501	3179.704346
6615.574578	0.091219	1.632501	3261.801758
6615.575510	0.091230	1.632501	3346.828613
6615.576414	0.091176	1.632501	3429.251221
6615.577316	0.091146	1.632501	3511.465088
6615.578208	0.091106	1.632501	3592.731689
6615.579154	0.091296	1.632501	3679.098145
6615.580054	0.091252	1.632501	3761.225342
6615.580952	0.091154	1.632501	3843.081299
6615.581837	0.091212	1.632501	3923.803955
6616.617424	1.455619	1.632662	641.927917
6616.618319	1.906582	1.632662	2348.318848
6616.619289	0.791968	1.632662	3116.527588
6616.620181	0.091527	1.632662	3198.169678
6616.621078	0.091176	1.632662	3279.954102
6616.622004	0.091172	1.632662	3364.379150
6616.622915	0.091249	1.632662	3447.506836
6616.623823	0.091139	1.632662	3530.260986
6616.624722	0.091143	1.632662	3612.198242
6616.625662	0.091263	1.632662	3697.985840
6616.626558	0.091143	1.632662	3779.649658
6616.627463	0.091121	1.632662	3862.113770
6616.628351	0.091230	1.632662	3943.126465
6617.665529	1.524441	1.632751	742.402710
6617.666455	1.905520	1.632751	2506.914062
6617.667367	0.724091	1.632751	3167.284668
6617.668256	0.091274	1.632751	3248.427734
6617.669206	0.091241	1.632751	3335.107178
6617.670111	0.091150	1.632751	3417.597900
6617.671001	0.091165	1.632751	3498.734375
6617.671936	0.091216	1.632751	3584.021240
6617.672842	0.091278	1.632751	3666.719238
6617.673735	0.091113	1.632751	3748.083496
6617.674625	0.091146	1.632751	3829.203613
6617.675560	0.091256	1.632751	3914.528076
6617.676463	0.091223	1.632751	3996.902588
