time (s)	energy (uJ)	charge (mC)	voltage (mV)	crossing#mod 255
8103.920740	3.692546	19.734280	0.187113	8
8104.975083	4.281277	19.711723	0.217194	9
8106.012974	3.684613	19.733892	0.186715	10
8107.068717	4.385864	19.728550	0.222311	11
8108.111309	3.785243	19.726152	0.191890	12
8109.161882	3.989359	19.728926	0.202209	13
8110.203122	4.483258	19.701786	0.227556	14
8111.256469	4.070349	19.684458	0.206780	15
8112.301426	4.192945	19.727289	0.212545	16
8113.348814	4.598073	19.729128	0.233060	17
8114.395227	4.047806	19.726122	0.205200	18
8115.444319	4.010909	19.705853	0.203539	19
8116.493314	4.474117	19.686600	0.227267	20
8117.536808	3.573401	19.712372	0.181277	21
8118.586541	4.676031	19.700163	0.237360	22
8119.646726	4.804001	19.716721	0.243651	23
8120.682333	4.698201	19.665064	0.238911	24
8121.725011	3.227080	19.695961	0.163845	25
8122.776765	4.575715	19.721180	0.232020	26
8123.820600	3.792293	19.723392	0.192274	27
8124.871899	5.294590	19.717930	0.268516	28
8125.913286	3.145176	19.726305	0.159441	29
8126.966644	4.206222	19.705853	0.213450	30
8128.009568	3.648022	19.700333	0.185176	31
8129.059016	4.812571	19.718365	0.244065	32
8130.103960	3.803504	19.708677	0.192986	33
8131.154506	4.975598	19.721512	0.252293	34
8132.199875	3.247245	19.716629	0.164696	35
8133.248462	4.256684	19.714203	0.215920	36
8134.294190	3.016661	19.719110	0.152982	37
8135.343347	4.688440	19.723806	0.237705	38
8136.388989	4.190024	19.702793	0.212661	39
8137.437321	5.187229	19.649229	0.263991	40
8138.482978	3.465563	19.696604	0.175947	41
8139.532843	4.579160	19.722023	0.232185	42
8140.576866	3.728862	19.668587	0.189585	43
8141.627056	4.702287	19.683807	0.238891	44
8142.671371	4.389955	19.697062	0.222874	45
8143.723164	5.303937	19.718582	0.268982	46
8144.765087	4.135958	19.703339	0.209912	47
8145.817166	4.614835	19.695930	0.234304	48
8146.861073	4.176941	19.708805	0.211933	49
8147.912361	5.744852	19.713461	0.291418	50
8148.955979	4.352468	19.726599	0.220640	51
8150.007195	5.061344	19.669930	0.257314	52
8151.048379	4.144247	19.690748	0.210467	53
8152.101661	4.780943	19.699036	0.242699	54
8153.144526	5.181811	19.714626	0.262841	55
8154.195056	5.380574	19.704956	0.273057	56
8155.241551	4.267179	19.716595	0.216426	57
8156.288628	4.208420	19.704802	0.213573	58
8157.335846	4.748607	19.666281	0.241459	59
8158.381949	4.298330	19.656284	0.218675	60
8159.445989	6.747132	19.711349	0.342297	61
8160.475466	5.350466	19.678190	0.271898	62
8161.527972	4.795343	19.705612	0.243349	63
8162.569302	4.794054	19.690685	0.243468	64
8163.621431	4.860472	19.705723	0.246653	65
8164.663720	4.914296	19.716751	0.249245	66
8165.716978	5.457073	19.699194	0.277020	67
8166.756509	4.720659	19.724739	0.239327	68
8167.812207	5.244249	19.706306	0.266120	69
8168.851342	4.698191	19.685173	0.238666	70
8169.906992	4.592330	19.711138	0.232982	71
8170.946390	4.994237	19.717537	0.253289	72
8172.001088	6.285916	19.688328	0.319271	73
8173.041063	4.376053	19.664978	0.222530	74
8174.095645	5.277147	19.706310	0.267790	75
8175.135892	5.361851	19.707058	0.272078	76
8176.189566	5.101334	19.689478	0.259089	77
8177.230189	5.360670	19.641178	0.272930	78
8178.284253	5.335674	19.656403	0.271447	79
8179.326991	4.583178	19.721214	0.232398	80
8180.377320	5.133531	19.710838	0.260442	81
8181.421426	4.757954	19.700331	0.241516	82
8182.472397	4.131766	19.703421	0.209698	83
8183.517751	5.242715	19.689348	0.266272	84
8184.564964	4.746535	19.703470	0.240898	85
8185.612483	5.807256	19.655405	0.295453	86
8186.659281	4.294631	19.656454	0.218485	87
8187.707472	5.533502	19.722134	0.280573	88
8188.753559	5.379757	19.686161	0.273276	89
8189.803058	6.048841	19.689674	0.307209	90
8190.846373	5.563551	19.698181	0.282440	91
8191.897531	5.827908	19.685856	0.296045	92
8192.941219	4.474440	19.693378	0.227205	93
8193.992459	5.213936	19.708275	0.264556	94
8195.035823	5.259289	19.687422	0.267140	95
8196.087242	6.027403	19.718967	0.305665	96
8197.130191	5.446292	19.708733	0.276339	97
8198.181423	6.055925	19.710356	0.307246	98
8199.224643	4.706242	19.653334	0.239463	99
8200.277449	5.089421	19.691078	0.258463	100
8201.319849	5.918350	19.703136	0.300376	101
8202.371026	6.517079	19.704712	0.330737	102
8203.414135	5.505575	19.645235	0.280250	103
8204.464605	6.324385	19.703083	0.320985	104
8205.509008	4.788624	19.709839	0.242956	105
8206.559211	5.571511	19.704632	0.282751	106
8207.603996	5.505175	19.667574	0.279911	107
8208.653859	6.125492	19.648523	0.311753	108
8209.698427	5.458264	19.696112	0.277124	109
8210.749537	6.164784	19.705734	0.312842	110
8211.792363	4.072977	19.688639	0.206869	111
8212.843882	5.303261	19.678717	0.269492	112
8213.887258	5.337839	19.697372	0.270992	113
8214.938850	5.203271	19.710888	0.263980	114
8215.981813	5.343555	19.700096	0.271245	115
8217.032991	6.030974	19.661249	0.306744	116
8218.076307	4.397539	19.681013	0.223441	117
8219.142688	7.052148	19.684511	0.358259	118
8220.170970	4.797573	19.687935	0.243681	119
8221.236701	6.684362	19.704958	0.339222	120
8222.265486	5.361317	19.687569	0.272320	121
8223.316810	5.736954	19.697992	0.291246	122
8224.360808	4.468645	19.701931	0.226813	123
8225.409870	5.529580	19.695139	0.280759	124
8226.457066	5.515782	19.691483	0.280110	125
8227.503684	5.505223	19.706160	0.279366	126
8228.550770	6.013698	19.712194	0.305075	127
8229.597626	6.198164	19.701469	0.314604	128
8230.662193	7.808517	19.707422	0.396222	129
8231.690754	5.808393	19.650242	0.295589	130
8232.743009	5.258530	19.642334	0.267714	131
8233.785757	6.236771	19.693193	0.316697	132
8234.837347	5.773061	19.671997	0.293466	133
8235.880552	5.829835	19.705637	0.295846	134
8236.932167	6.160883	19.693752	0.312834	135
8237.974273	5.201361	19.710585	0.263887	136
8239.027017	5.549681	19.654139	0.282367	137
8240.068107	6.329639	19.686567	0.321521	138
8241.122859	5.084447	19.694527	0.258166	139
8242.162541	5.643966	19.689514	0.286648	140
8243.216177	5.991508	19.713509	0.303929	141
8244.257638	5.628654	19.680056	0.286008	142
8245.310879	5.474571	19.683001	0.278137	143
8246.353061	6.145603	19.702164	0.311925	144
8247.404976	5.158282	19.705170	0.261773	145
8248.448379	6.346622	19.695133	0.322243	146
8249.499187	5.908969	19.686731	0.300150	147
8250.543276	5.422202	19.659117	0.275811	148
8251.591729	5.609859	19.714012	0.284562	149
8252.638488	5.769641	19.696070	0.292934	150
8253.685884	6.671089	19.700912	0.338618	151
8254.734358	6.348993	19.680889	0.322597	152
8255.779998	6.138340	19.691895	0.311719	153
8256.829227	5.766527	19.650976	0.293447	154
8257.889281	7.189253	19.704676	0.364850	155
8258.923928	6.190581	19.698215	0.314271	156
8259.968489	5.904943	19.648060	0.300536	157
8261.019435	6.898181	19.684416	0.350439	158
8262.062300	5.931596	19.684343	0.301336	159
8263.114600	6.674376	19.698503	0.338827	160
8264.156444	5.422394	19.699268	0.275259	161
8265.208843	5.741416	19.656721	0.292084	162
8266.251216	6.511961	19.627428	0.331779	163
8267.302261	7.078922	19.674688	0.359798	164
8268.346499	6.137932	19.691179	0.311710	165
8269.397093	6.840807	19.656132	0.348024	166
8270.441094	5.452406	19.643738	0.277565	167
8271.492149	6.107680	19.689814	0.310195	168
8272.536057	5.865118	19.695324	0.297792	169
8273.587079	6.187449	19.715462	0.313837	170
8274.630730	6.048603	19.672115	0.307471	171
8275.681566	6.863191	19.694593	0.348481	172
8276.725302	5.478800	19.656054	0.278733	173
8277.775417	6.040649	19.698431	0.306656	174
8278.819944	5.818453	19.674892	0.295730	175
8279.871168	6.059180	19.689676	0.307734	176
8280.913475	6.167834	19.661180	0.313706	177
8281.965913	6.848177	19.697313	0.347671	178
8283.023383	7.026103	19.700882	0.356639	179
8284.059831	6.245095	19.687752	0.317207	180
8285.102740	6.578649	19.707003	0.333823	181
8286.153767	6.449556	19.702698	0.327344	182
8287.197563	6.205696	19.702272	0.314974	183
8288.248941	6.986363	19.679998	0.354998	184
8289.292458	5.521595	19.687847	0.280457	185
8290.344331	5.799942	19.692070	0.294532	186
8291.387174	6.016054	19.691843	0.305510	187
8292.437168	6.915808	19.696745	0.351114	188
8293.481619	6.717692	19.696890	0.341053	189
8294.530304	7.313793	19.665771	0.371905	190
8295.577285	5.622017	19.700056	0.285381	191
8296.626864	6.010031	19.667814	0.305577	192
8297.672772	5.482818	19.692085	0.278428	193
8298.719766	7.074522	19.695625	0.359193	194
8299.767624	6.435078	19.656002	0.327385	195
8300.814103	5.813368	19.693056	0.295199	196
8301.861998	6.281128	19.692102	0.318967	197
8302.907917	6.166583	19.666485	0.313558	198
8303.958519	5.630137	19.661278	0.286357	199
8305.001670	6.704763	19.690046	0.340515	200
8306.053373	6.911185	19.705004	0.350733	201
8307.096977	5.915917	19.685671	0.300519	202
8308.148990	5.302408	19.685394	0.269358	203
8309.191563	6.433764	19.651667	0.327390	204
8310.242902	6.466759	19.699835	0.328265	205
8311.284455	7.168195	19.688549	0.364079	206
8312.337536	6.680257	19.655722	0.339863	207
8313.379556	6.182734	19.698750	0.313864	208
8314.431908	6.044862	19.710802	0.306678	209
8315.474922	6.507707	19.684471	0.330601	210
