time (s)	theta (A)	maj axis/z0	min axis/z0	crossing#mod 255
7720.442278	269.269012	1.181113	-0.165016	157
7722.536234	268.717377	1.180093	-0.165115	159
7724.629776	268.305511	1.177958	-0.165533	161
7726.723594	268.051727	1.174926	-0.165905	163
7728.820065	268.232117	1.174044	-0.166330	165
7730.916946	268.661163	1.173139	-0.167095	167
7733.012772	268.950928	1.171824	-0.168040	169
7735.108477	269.137878	1.172804	-0.168412	171
7737.205240	269.345612	1.171939	-0.168829	173
7739.299862	269.368225	1.172740	-0.169498	175
7741.394699	269.155029	1.171138	-0.169592	177
7743.488990	268.985291	1.172567	-0.169853	179
7745.582934	268.779236	1.169912	-0.170001	181
7747.676609	268.419708	1.171407	-0.170357	183
7749.770376	268.031921	1.170312	-0.170560	185
7751.862614	267.614380	1.168567	-0.170483	187
7753.956085	267.214447	1.166937	-0.170496	189
7756.050082	267.065308	1.164258	-0.170117	191
7758.145092	267.219666	1.163280	-0.170487	193
7760.241294	267.365479	1.161898	-0.170945	195
7762.337923	267.569702	1.160853	-0.171128	197
7764.435122	267.726929	1.159240	-0.171671	199
7766.531375	267.884338	1.158850	-0.171929	201
7768.628108	268.048981	1.160469	-0.172743	203
7770.723860	268.134766	1.160232	-0.172983	205
7772.819238	268.136444	1.159547	-0.173032	207
7774.913998	268.068512	1.160363	-0.173419	209
7777.008316	268.012482	1.160725	-0.173891	211
7779.103296	267.989288	1.159827	-0.174147	213
7781.198287	267.894714	1.159493	-0.174278	215
7783.291931	267.738220	1.158778	-0.174475	217
7785.386055	267.453064	1.159178	-0.174347	219
7787.479571	267.098907	1.159602	-0.174402	221
7789.572569	266.581238	1.157902	-0.173874	223
7791.664625	265.981842	1.155844	-0.173193	225
7793.757509	265.426239	1.155652	-0.172996	227
7795.850846	264.878174	1.154772	-0.173044	229
7797.944513	264.451965	1.153576	-0.173292	231
7800.039143	264.315063	1.151193	-0.172969	233
7802.135029	264.393341	1.149562	-0.173402	235
7804.230870	264.577545	1.148440	-0.173708	237
7806.326595	264.747620	1.148432	-0.173959	239
7808.422390	264.917969	1.148957	-0.174288	241
7810.518084	264.985931	1.149016	-0.174569	243
7812.612929	264.964203	1.148572	-0.174581	245
7814.707384	264.793457	1.148301	-0.174813	247
7816.801786	264.590607	1.148175	-0.174821	249
7818.895751	264.305695	1.147357	-0.174598	251
7820.989481	264.026489	1.147020	-0.174593	253
7823.082915	263.710815	1.146284	-0.174451	255
7825.176322	263.421082	1.145699	-0.174393	1
7827.270762	263.304932	1.144945	-0.173997	3
7829.365386	263.304749	1.143795	-0.173978	5
7831.461450	263.408936	1.143211	-0.174089	7
7833.557830	263.591766	1.142612	-0.174358	9
7835.654688	263.812042	1.140918	-0.174043	11
7837.751374	263.941040	1.140622	-0.174348	13
7839.847809	264.031891	1.141643	-0.174735	15
7841.943799	264.174744	1.140971	-0.174617	17
7844.039624	264.168945	1.141686	-0.174608	19
7846.134784	264.191040	1.141341	-0.174792	21
7848.229760	264.103668	1.142202	-0.174874	23
7850.324476	264.082977	1.142995	-0.175296	25
7852.419430	263.971039	1.142504	-0.175306	27
7854.513834	263.840790	1.143045	-0.175397	29
7856.607296	263.533447	1.141513	-0.174627	31
7858.701097	263.226257	1.140309	-0.174337	33
7860.794442	262.776215	1.140481	-0.174249	35
7862.887147	262.228149	1.139209	-0.173502	37
7864.980128	261.697418	1.138253	-0.172844	39
7867.073124	261.158173	1.138325	-0.172529	41
7869.167018	260.842407	1.136015	-0.172013	43
7871.260990	260.530975	1.135321	-0.171908	45
7873.356368	260.469208	1.134399	-0.172130	47
7875.451663	260.506531	1.133986	-0.171989	49
7877.547159	260.533081	1.132445	-0.172149	51
7879.642591	260.633179	1.133281	-0.172199	53
7881.738063	260.651001	1.133589	-0.172129	55
7883.833163	260.601410	1.133116	-0.171943	57
7885.927965	260.476135	1.133244	-0.171886	59
7888.022241	260.302429	1.131935	-0.171520	61
7890.116496	260.112488	1.131646	-0.171229	63
7892.210439	259.868622	1.131204	-0.170987	65
7894.304302	259.638977	1.130850	-0.170685	67
7896.398489	259.522491	1.129866	-0.170334	69
7898.493214	259.454163	1.129026	-0.170122	71
7900.588363	259.470306	1.128979	-0.169987	73
7902.684257	259.582916	1.128984	-0.170157	75
7904.780411	259.710663	1.128325	-0.169923	77
7906.877148	259.872620	1.127351	-0.169697	79
7908.973667	260.040070	1.127834	-0.169745	81
7911.070050	260.107269	1.127259	-0.169680	83
7913.165944	260.158691	1.127429	-0.169316	85
7915.261515	260.169067	1.128347	-0.169225	87
7917.356586	260.133392	1.128198	-0.168841	89
7919.451663	260.133789	1.128194	-0.168389	91
7921.546451	260.033173	1.128085	-0.167993	93
7923.640958	259.862488	1.128087	-0.167763	95
7925.735169	259.715363	1.127794	-0.167236	97
7927.829131	259.498016	1.128496	-0.166991	99
7929.922702	259.161438	1.130104	-0.166556	101
7932.016148	258.746124	1.130376	-0.165974	103
7934.108921	258.301849	1.129592	-0.165387	105
7936.202328	257.845764	1.128893	-0.164625	107
7938.295478	257.406311	1.128635	-0.164132	109
7940.389313	257.046448	1.127099	-0.163485	111
7942.483649	256.768829	1.125367	-0.162670	113
7944.578331	256.606049	1.123924	-0.162237	115
7946.673399	256.568359	1.123032	-0.161799	117
7948.768935	256.532379	1.122571	-0.161539	119
7950.864051	256.575897	1.121097	-0.161059	121
7952.959291	256.533997	1.121249	-0.160706	123
7955.054244	256.483429	1.122249	-0.160662	125
7957.148748	256.370514	1.122457	-0.160303	127
7959.243384	256.241089	1.121531	-0.159900	129
7961.337798	256.104401	1.121074	-0.159329	131
7963.431997	255.908310	1.121132	-0.158625	133
7965.526341	255.797913	1.121012	-0.158350	135
7967.621199	255.741379	1.120679	-0.158026	137
7969.716247	255.761093	1.120046	-0.157546	139
7971.811612	255.787506	1.118252	-0.156989	141
7973.907674	255.898621	1.116791	-0.156417	143
7976.003838	256.053955	1.117245	-0.156512	145
7978.100308	256.161255	1.118089	-0.156315	147
7980.196577	256.231110	1.118210	-0.156009	149
7982.292792	256.288727	1.118384	-0.155709	151
7984.388566	256.364166	1.119237	-0.155311	153
7986.483823	256.310455	1.119295	-0.154962	155
7988.579197	256.330261	1.119546	-0.154627	157
7990.673875	256.241821	1.120129	-0.154120	159
7992.768452	256.136566	1.119804	-0.153579	161
7994.862879	255.984268	1.119476	-0.152831	163
7996.957185	255.776306	1.119870	-0.152159	165
7999.051010	255.544357	1.119705	-0.151436	167
8001.144663	255.237656	1.118580	-0.150398	169
8003.238037	254.913452	1.118160	-0.149649	171
8005.331353	254.494537	1.118626	-0.148905	173
8007.424675	254.108658	1.118835	-0.148339	175
8009.518225	253.738983	1.118288	-0.147661	177
8011.612097	253.409180	1.117352	-0.146838	179
8013.706687	253.213043	1.115699	-0.145970	181
8015.801655	253.126877	1.115405	-0.145282	183
8017.896340	252.990982	1.114946	-0.144993	185
8019.991336	252.887665	1.115497	-0.144569	187
8022.086331	252.865524	1.115427	-0.144283	189
8024.181308	252.809677	1.115047	-0.143588	191
8026.276071	252.760254	1.114666	-0.143067	193
