time (s)	energy (uJ)	charge (mC)	voltage (mV)	crossing#mod 255
7352.059695	4.242855	12.482140	0.339914	63
7353.106975	5.955681	12.493831	0.476690	64
7354.150496	4.644932	12.506484	0.371402	65
7355.200879	5.241417	12.506144	0.419107	66
7356.249236	4.125816	12.495265	0.330190	67
7357.295875	5.290573	12.493130	0.423479	68
7358.339685	5.207237	12.506655	0.416357	69
7359.390226	5.568139	12.513195	0.444981	70
7360.437932	4.565356	12.489967	0.365522	71
7361.485715	5.661499	12.490983	0.453247	72
7362.541749	5.631454	12.493865	0.450738	73
7363.579108	4.986340	12.509304	0.398610	74
7364.627628	4.329900	12.502587	0.346320	75
7365.674622	5.248870	12.497458	0.419995	76
7366.719157	5.108469	12.508183	0.408410	77
7367.768810	5.206626	12.499998	0.416530	78
7368.815992	4.752768	12.472962	0.381046	79
7369.864774	5.118188	12.494761	0.409627	80
7370.908812	4.480522	12.505889	0.358273	81
7371.959084	5.196712	12.492993	0.415970	82
7373.005130	4.966569	12.486038	0.397770	83
7374.053337	5.801187	12.483976	0.464691	84
7375.097287	5.038871	12.461843	0.404344	85
7376.148863	5.273696	12.505983	0.421694	86
7377.194163	4.497235	12.494699	0.359931	87
7378.243429	5.636333	12.513699	0.450413	88
7379.286955	5.137760	12.481586	0.411627	89
7380.336956	5.782814	12.504766	0.462449	90
7381.382640	4.998267	12.484349	0.400363	91
7382.432239	5.985682	12.468458	0.480066	92
7383.475809	5.014016	12.477100	0.401857	93
7384.527740	5.118600	12.497288	0.409577	94
7385.571580	5.170635	12.522265	0.412915	95
7386.621861	6.091248	12.499166	0.487332	96
7387.664889	4.736738	12.481978	0.379486	97
7388.715961	5.717389	12.484840	0.457947	98
7389.761158	4.947494	12.508106	0.395543	99
7390.810384	5.879783	12.501612	0.470322	100
7391.854655	5.317729	12.509465	0.425096	101
7392.905967	5.527426	12.482718	0.442806	102
7393.950560	5.138599	12.502823	0.410995	103
7395.012251	6.924294	12.506940	0.553636	104
7396.043699	4.681305	12.504025	0.374384	105
7397.095053	5.321314	12.505346	0.425523	106
7398.152332	6.098841	12.500899	0.487872	107
7399.189551	6.021312	12.486238	0.482236	108
7400.233079	4.980505	12.498636	0.398484	109
7401.284069	5.704510	12.492878	0.456621	110
7402.329772	5.044633	12.496858	0.403672	111
7403.391161	6.585692	12.497982	0.526940	112
7404.423250	5.168529	12.503720	0.413359	113
7405.473132	5.934454	12.473229	0.475775	114
7406.518553	5.299836	12.488560	0.424375	115
7407.568002	5.774870	12.487849	0.462439	116
7408.612133	5.074406	12.498199	0.406011	117
7409.663074	5.378243	12.431690	0.432624	118
7410.708115	5.400992	12.498144	0.432144	119
7411.756756	6.090734	12.488220	0.487718	120
7412.802713	5.095457	12.503356	0.407527	121
7413.851832	6.122742	12.501248	0.489770	122
7414.896958	4.996613	12.497194	0.399819	123
7415.945993	5.635658	12.501636	0.450794	124
7416.991760	4.855852	12.505146	0.388308	125
7418.040996	5.858676	12.488816	0.469114	126
7419.086908	5.210773	12.490273	0.417187	127
7420.134458	5.995615	12.491012	0.479994	128
7421.181646	4.719329	12.466640	0.378557	129
7422.230567	5.403701	12.501540	0.432243	130
7423.276518	5.181596	12.496308	0.414650	131
7424.323629	5.822896	12.507269	0.465561	132
7425.371208	5.622367	12.492888	0.450045	133
7426.418988	5.998920	12.497052	0.480027	134
7427.466379	5.584016	12.499679	0.446733	135
7428.525781	7.198979	12.486526	0.576540	136
7429.560194	5.115040	12.499609	0.409216	137
7430.608918	5.753021	12.476692	0.461102	138
7431.654990	5.027673	12.484262	0.402721	139
7432.703437	6.006793	12.499444	0.480565	140
7433.749579	5.330394	12.501796	0.426370	141
7434.798159	6.215605	12.489758	0.497656	142
7435.843584	5.842940	12.487492	0.467903	143
7436.893262	5.804426	12.504015	0.464205	144
7437.951120	6.058626	12.488677	0.485130	145
7438.988290	5.897549	12.493392	0.472053	146
7440.032927	5.840282	12.497872	0.467302	147
7441.082583	6.328273	12.500090	0.506258	148
7442.128430	5.278421	12.480534	0.422932	149
7443.177796	6.147957	12.500416	0.491820	150
7444.223811	4.944617	12.462726	0.396753	151
7445.272255	5.675778	12.504855	0.453886	152
7446.317226	5.159960	12.500632	0.412776	153
7447.366873	6.034765	12.508348	0.482459	154
7448.411986	5.647844	12.490666	0.452165	155
7449.460991	6.263273	12.498742	0.501112	156
7450.506794	5.652287	12.500715	0.452157	157
7451.556578	5.927923	12.442666	0.476419	158
7452.601553	5.584374	12.502274	0.446669	159
7453.650958	6.082048	12.485358	0.487134	160
7454.696216	5.721045	12.484975	0.458234	161
7455.745430	6.560550	12.442028	0.527289	162
7456.790912	5.770350	12.498993	0.461665	163
7457.840215	6.288604	12.497494	0.503189	164
7458.885561	5.166809	12.488766	0.413717	165
7459.934907	6.018905	12.476480	0.482420	166
7460.979615	5.261873	12.466908	0.422067	167
7462.041767	6.809398	12.499756	0.544762	168
7463.074980	5.528934	12.426358	0.444936	169
7464.125161	6.436833	12.475131	0.515973	170
7465.168858	5.910004	12.489757	0.473188	171
7466.219495	6.493105	12.496812	0.519581	172
7467.263986	5.545743	12.481207	0.444327	173
7468.314210	6.111809	12.492356	0.489244	174
7469.358926	5.756500	12.500185	0.460513	175
7470.408482	6.752534	12.497690	0.540303	176
7471.453698	5.541395	12.508522	0.443010	177
7472.502464	6.467152	12.497006	0.517496	178
7473.547889	5.522835	12.487820	0.442258	179
7474.597749	5.939844	12.484148	0.475791	180
7475.643333	5.576242	12.492053	0.446383	181
7476.692958	5.987774	12.497626	0.479113	182
7477.737287	5.984230	12.499965	0.478740	183
7478.787080	6.473089	12.471726	0.519021	184
7479.832501	5.885898	12.456210	0.472527	185
7480.881311	6.722899	12.496566	0.537980	186
7481.927568	5.561574	12.496152	0.445063	187
7482.976619	6.195373	12.490488	0.496007	188
7484.022520	5.416619	12.415102	0.436293	189
7485.071025	6.561326	12.491453	0.525265	190
7486.117056	5.803022	12.486711	0.464736	191
7487.165642	6.462745	12.486038	0.517598	192
7488.212114	5.288702	12.485000	0.423605	193
7489.260349	6.263213	12.484676	0.501672	194
7490.306458	5.426597	12.489857	0.434480	195
7491.355608	5.967206	12.466243	0.478669	196
7492.400874	6.146563	12.481181	0.492466	197
7493.449054	6.667848	12.478470	0.534348	198
7494.496260	6.001337	12.500201	0.480099	199
7495.544020	6.302291	12.437510	0.506716	200
7496.591501	5.591165	12.495518	0.447454	201
7497.638832	6.404038	12.486197	0.512889	202
7498.685214	5.943039	12.486968	0.475939	203
7499.733843	6.535400	12.496309	0.522986	204
7500.780444	5.928636	12.421122	0.477303	205
7501.828398	6.885073	12.477436	0.551802	206
7502.875054	5.774438	12.490198	0.462318	207
7503.922192	6.316491	12.499841	0.505326	208
7504.969293	5.860428	12.498881	0.468876	209
7506.017326	6.374811	12.485136	0.510592	210
7507.064896	6.074798	12.485991	0.486529	211
7508.112945	6.728246	12.476332	0.539281	212
7509.158828	6.378226	12.497190	0.510373	213
7510.207301	6.185775	12.488561	0.495315	214
7511.253709	5.751188	12.473197	0.461084	215
7512.301950	6.626636	12.502842	0.530010	216
7513.348306	5.984291	12.499766	0.478752	217
7514.397326	6.965449	12.468780	0.558631	218
7515.443319	5.971735	12.482474	0.478410	219
7516.491245	6.914793	12.491940	0.553540	220
7517.537287	5.579373	12.497415	0.446442	221
7518.586408	6.404384	12.468354	0.513651	222
7519.632429	5.843713	12.490182	0.467865	223
7520.681355	6.451303	12.500719	0.516075	224
7521.727081	6.302461	12.494118	0.504434	225
7522.775976	6.923598	12.489483	0.554354	226
7523.821180	6.194688	12.430209	0.498358	227
7524.871689	6.892923	12.488471	0.551943	228
7525.915521	5.882977	12.487069	0.471126	229
7526.965701	6.421918	12.494360	0.513985	230
7528.010249	5.937269	12.497075	0.475093	231
7529.060448	6.433908	12.496067	0.514875	232
7530.105586	6.119709	12.485156	0.490159	233
7531.155278	6.906766	12.487181	0.553109	234
7532.200817	5.895020	12.487884	0.472059	235
7533.249706	6.712952	12.503391	0.536891	236
7534.295023	6.048473	12.486027	0.484419	237
7535.344610	6.612186	12.474492	0.530057	238
7536.389873	6.431528	12.495541	0.514706	239
7537.439286	6.818376	12.499063	0.545511	240
7538.484955	6.288317	12.487953	0.503551	241
7539.533324	6.868431	12.480577	0.550330	242
7540.579086	5.717051	12.494415	0.457569	243
7541.640869	7.609741	12.478527	0.609827	244
7542.674416	6.059061	12.491833	0.485042	245
7543.722909	6.576298	12.491195	0.526475	246
7544.769358	6.280704	12.491757	0.502788	247
7545.816887	7.056653	12.475133	0.565658	248
7546.863322	6.581048	12.478979	0.527371	249
7547.912626	6.974035	12.482666	0.558698	250
7548.958888	5.840774	12.490462	0.467619	251
7550.007315	6.728172	12.493425	0.538537	252
7551.053306	6.077776	12.485927	0.486770	253
7552.101870	6.924439	12.479454	0.554867	254
7553.159842	6.957386	12.496064	0.556766	255
7554.195768	7.066966	12.484720	0.566049	0
7555.242943	5.801452	12.503247	0.463996	1
7556.290967	6.491283	12.484298	0.519956	2
7557.338230	6.081434	12.495470	0.486691	3
7558.386254	6.348099	12.467044	0.509190	4
7559.433109	6.730440	12.490284	0.538854	5
7560.481227	7.020234	12.494134	0.561882	6
7561.528191	6.235510	12.425486	0.501832	7
7562.575666	6.988723	12.468638	0.560504	8
7563.621997	5.917187	12.466269	0.474656	9
7564.669931	6.790730	12.486261	0.543856	10
7565.717844	5.775720	12.473988	0.463021	11
7566.764681	7.278983	12.462795	0.584057	12
7567.812071	6.385569	12.480293	0.511652	13
7568.858803	7.021155	12.488272	0.562220	14
7569.906899	6.460183	12.488780	0.517279	15
7570.953638	6.752177	12.499667	0.540189	16
7572.001250	6.219934	12.498973	0.497636	17
7573.048218	6.783695	12.500422	0.542677	18
7574.107854	7.552475	12.500481	0.604175	19
7575.143183	7.053981	12.487579	0.564880	20
7576.190291	6.449912	12.469240	0.517266	21
7577.238109	7.213226	12.491204	0.577464	22
7578.285846	5.865973	12.495858	0.469433	23
7579.332768	6.932786	12.492794	0.554943	24
7580.379565	6.473579	12.492329	0.518204	25
7581.427742	7.240604	12.467301	0.580768	26
7582.474917	6.514391	12.497357	0.521262	27
7583.523206	7.098525	12.476892	0.568934	28
7584.569055	5.879137	12.448279	0.472285	29
7585.617342	6.779796	12.481386	0.543193	30
7586.663932	6.225569	12.484273	0.498673	31
7587.712258	6.932609	12.478321	0.555572	32
7588.758528	6.637965	12.458788	0.532794	33
7589.807248	7.270166	12.495100	0.581841	34
7590.853080	6.711843	12.481248	0.537754	35
7591.901582	7.380645	12.482915	0.591260	36
7592.947313	6.408213	12.496222	0.512812	37
7593.996573	7.018167	12.491932	0.561816	38
7595.042540	6.267489	12.486730	0.501932	39
7596.090969	7.492061	12.500969	0.599318	40
7597.137003	6.515403	12.470613	0.522461	41
7598.185872	7.158456	12.497830	0.572776	42
7599.231736	6.204206	12.485708	0.496905	43
7600.281263	6.795225	12.467870	0.545019	44
7601.326735	6.324656	12.495811	0.506142	45
7602.375793	6.993543	12.484333	0.560186	46
7603.421185	6.774897	12.472121	0.543203	47
7604.470572	7.219452	12.478699	0.578542	48
7605.516333	6.692296	12.487230	0.535931	49
7606.565251	6.996224	12.489689	0.560160	50
7607.610140	6.465789	12.481927	0.518012	51
7608.660378	6.826129	12.499518	0.546111	52
7609.705003	7.010135	12.485530	0.561461	53
7610.754602	7.474456	12.488909	0.598487	54
7611.800100	6.614343	12.477932	0.530083	55
7612.849396	7.568407	12.478143	0.606533	56
7613.895582	6.112118	12.495790	0.489134	57
7614.944138	6.814391	12.484321	0.545836	58
7615.990267	6.255081	12.479257	0.501238	59
7617.038301	7.431219	12.493639	0.594800	60
7618.085455	6.669967	12.491684	0.533953	61
7619.133305	7.275631	12.483978	0.582798	62
7620.179741	6.737325	12.472775	0.540163	63
7621.228132	6.762707	12.485383	0.541650	64
7622.274552	6.477296	12.484979	0.518807	65
7623.322231	6.974573	12.476728	0.559007	66
7624.369092	6.488643	12.468437	0.520406	67
7625.416975	7.619864	12.490919	0.610032	68
7626.464188	6.792835	12.484237	0.544113	69
7627.511841	7.535524	12.477490	0.603929	70
7628.559015	6.601163	12.486443	0.528666	71
7629.606824	7.049055	12.492895	0.564245	72
7630.654643	6.551804	12.489407	0.524589	73
7631.701498	7.054878	12.499051	0.564433	74
7632.747977	7.057013	12.484392	0.565267	75
7633.795351	7.532140	12.470165	0.604013	76
7634.844062	6.665268	12.464225	0.534752	77
7635.890771	7.447873	12.457246	0.597875	78
7636.938377	6.224984	12.494792	0.498206	79
7637.985716	7.146949	12.487297	0.572338	80
7639.044791	7.603111	12.488016	0.608833	81
7640.080141	7.447959	12.444102	0.598513	82
7641.127658	6.910250	12.469325	0.554180	83
7642.175213	7.441403	12.477980	0.596363	84
7643.222133	7.059710	12.491396	0.565166	85
7644.269563	6.931389	12.432743	0.557511	86
7645.317876	6.401539	12.484982	0.512739	87
7646.363604	7.356129	12.473093	0.589760	88
7647.411281	6.721946	12.493338	0.538042	89
7648.458750	7.649531	12.487959	0.612553	90
7649.506000	7.017022	12.475066	0.562484	91
7650.553974	7.726511	12.489631	0.618634	92
7651.601613	6.747775	12.496546	0.539971	93
7652.648861	7.115446	12.489144	0.569730	94
7653.695923	6.538222	12.473610	0.524164	95
7654.742955	7.378036	12.488035	0.590808	96
7655.790517	6.815835	12.495399	0.545468	97
7656.838134	7.710664	12.447520	0.619454	98
7657.885098	6.752732	12.450975	0.542346	99
7658.933145	7.702414	12.497038	0.616339	100
7659.979926	6.343701	12.489393	0.507927	101
7661.027837	7.293881	12.474766	0.584691	102
7662.074647	6.303920	12.437212	0.506860	103
