time (s)	theta (A)	maj axis/z0	min axis/z0	crossing#mod 255
2361.017502	269.717865	1.129310	-0.174562	57
2363.111337	269.634766	1.128309	-0.175069	59
2365.206247	269.522675	1.125226	-0.175624	61
2367.301175	269.671722	1.129061	-0.176181	63
2369.397030	269.770966	1.137883	-0.175588	65
2371.494751	269.898804	1.146471	-0.175404	67
2373.590020	269.954468	1.153510	-0.174573	69
2375.686884	269.975128	1.160003	-0.173565	71
2377.782091	270.027313	1.167225	-0.172594	73
2379.879405	270.066833	1.175067	-0.172425	75
2381.974222	270.016663	1.181693	-0.171673	77
2384.070473	269.945496	1.187438	-0.171002	79
2386.165422	269.877289	1.193558	-0.169938	81
2388.261421	269.808502	1.200536	-0.169298	83
2390.356195	269.641113	1.205474	-0.168509	85
2392.451677	269.473816	1.211945	-0.167711	87
2394.546909	269.366943	1.216812	-0.166783	89
2396.642128	269.309753	1.221310	-0.166020	91
2398.737963	269.256622	1.227115	-0.165479	93
2400.832733	269.203857	1.232083	-0.164815	95
2402.928901	269.169312	1.237752	-0.164373	97
2405.024219	269.209473	1.243180	-0.164199	99
2407.120932	269.246063	1.248627	-0.163842	101
2409.216078	269.228302	1.254289	-0.163571	103
2411.312443	269.285461	1.258932	-0.163188	105
2413.407755	269.294983	1.265621	-0.162999	107
2415.504117	269.283813	1.271621	-0.162789	109
2417.599404	269.232178	1.276266	-0.162564	111
2419.695248	269.129669	1.282349	-0.162243	113
2421.789982	269.019135	1.287129	-0.162092	115
2423.885768	268.854370	1.291988	-0.161265	117
2425.980686	268.679504	1.296081	-0.161266	119
2428.075941	268.523895	1.301273	-0.160887	121
2430.170864	268.360260	1.304897	-0.160668	123
2432.266377	268.146118	1.308923	-0.159971	125
2434.361163	268.005280	1.310679	-0.159654	127
2436.456817	267.921875	1.314628	-0.159535	129
2438.551946	267.835541	1.318601	-0.159390	131
2440.648017	267.812286	1.322003	-0.159110	133
2442.743498	267.776123	1.325907	-0.159038	135
2444.839310	267.787231	1.329636	-0.158897	137
2446.935170	267.816711	1.335139	-0.159295	139
2449.030855	267.809296	1.339364	-0.159457	141
2451.126331	267.770569	1.343975	-0.159326	143
2453.221528	267.778595	1.347835	-0.159266	145
2455.316885	267.652924	1.351325	-0.158838	147
2457.412243	267.554626	1.355033	-0.158568	149
2459.507264	267.469452	1.357794	-0.158435	151
2461.602137	267.335815	1.359531	-0.157871	153
2463.697268	267.200043	1.360773	-0.157486	155
2465.792283	267.047028	1.363284	-0.157109	157
2467.887337	266.928131	1.366903	-0.156733	159
2469.982536	266.853943	1.369986	-0.156636	161
2472.077904	266.795898	1.373997	-0.156621	163
2474.173014	266.757690	1.377715	-0.156241	165
2476.268705	266.822601	1.381428	-0.155874	167
2478.364191	266.807678	1.384699	-0.156306	169
2480.459900	266.750824	1.386702	-0.155974	171
2482.555344	266.739899	1.390661	-0.156053	173
2484.650832	266.739807	1.392493	-0.155517	175
2486.746424	266.634827	1.395687	-0.155333	177
2488.841644	266.589264	1.397767	-0.154980	179
2490.936939	266.503571	1.401238	-0.155291	181
2493.032130	266.394104	1.402889	-0.155026	183
2495.127205	266.230286	1.405050	-0.154832	185
2497.222224	266.044006	1.407246	-0.154740	187
2499.317187	265.935303	1.409902	-0.154729	189
2501.412184	265.726898	1.412347	-0.154595	191
2503.507086	265.525482	1.414169	-0.154223	193
2505.602205	265.379425	1.415755	-0.154171	195
2507.697397	265.269104	1.417724	-0.154140	197
2509.792901	265.213165	1.419946	-0.154136	199
2511.888276	265.113892	1.423273	-0.154110	201
2513.983534	265.052216	1.424823	-0.154133	203
2516.079035	264.998047	1.427010	-0.153945	205
2518.174725	264.973938	1.429800	-0.154054	207
2520.270079	264.932892	1.431867	-0.153939	209
2522.365404	264.919067	1.434404	-0.154044	211
2524.460679	264.848846	1.436483	-0.153918	213
2526.555920	264.711121	1.438628	-0.153577	215
2528.650925	264.606750	1.439710	-0.153310	217
2530.746064	264.543518	1.440790	-0.153488	219
2532.841250	264.439301	1.445469	-0.153328	221
2534.936350	264.332428	1.448206	-0.153288	223
2537.031488	264.232910	1.450225	-0.153118	225
2539.126454	264.108337	1.452590	-0.152945	227
2541.221537	264.042328	1.456663	-0.152997	229
2543.317040	264.009552	1.458087	-0.152777	231
2545.412348	263.947205	1.458284	-0.152689	233
2547.507447	263.912109	1.458636	-0.152364	235
2549.603087	263.902588	1.460855	-0.152289	237
2551.698333	263.841614	1.461927	-0.152079	239
2553.793845	263.813416	1.465181	-0.151727	241
2555.889286	263.765900	1.466973	-0.151484	243
2557.984673	263.710693	1.469247	-0.151525	245
2560.079859	263.614136	1.470861	-0.151342	247
2562.175170	263.488098	1.472941	-0.151249	249
2564.270210	263.438904	1.474928	-0.150940	251
2566.365515	263.307159	1.477065	-0.150944	253
2568.460637	263.117554	1.478241	-0.150453	255
2570.555679	262.980713	1.481045	-0.150628	1
2572.650607	262.805847	1.481908	-0.150336	3
2574.745720	262.595215	1.482223	-0.149847	5
2576.840795	262.468719	1.483880	-0.149603	7
2578.935673	262.334564	1.483722	-0.149189	9
2581.030989	262.205811	1.485699	-0.149076	11
2583.126382	262.120758	1.489280	-0.148908	13
2585.221608	262.065521	1.490846	-0.148970	15
2587.316971	261.996979	1.492561	-0.148655	17
2589.412379	261.913818	1.493553	-0.148366	19
2591.507769	261.842651	1.493100	-0.147872	21
2593.602933	261.789154	1.494240	-0.147658	23
2595.698213	261.741791	1.494327	-0.147288	25
2597.793362	261.635254	1.495667	-0.146959	27
2599.888603	261.511658	1.497907	-0.146866	29
2601.983780	261.457825	1.497645	-0.146454	31
2604.078873	261.381531	1.499573	-0.146094	33
2606.173871	261.278229	1.501711	-0.146085	35
2608.269059	261.209106	1.504897	-0.145956	37
2610.363961	261.087280	1.507419	-0.146110	39
2612.459262	261.028259	1.508433	-0.145756	41
2614.554578	260.947205	1.510851	-0.145572	43
2616.649902	260.917328	1.512827	-0.145162	45
2618.745173	260.898193	1.513041	-0.144834	47
2620.840494	260.855774	1.514874	-0.144756	49
2622.935959	260.774139	1.516130	-0.144486	51
2625.031488	260.737000	1.516668	-0.143869	53
2627.126588	260.723602	1.518262	-0.143890	55
2629.221807	260.661255	1.519789	-0.143834	57
2631.317445	260.558868	1.521628	-0.143174	59
2633.412557	260.457275	1.521911	-0.142875	61
2635.507639	260.359558	1.522120	-0.142464	63
2637.602738	260.234009	1.523753	-0.142086	65
2639.697761	260.031921	1.525276	-0.141666	67
2641.792816	259.882111	1.524908	-0.141289	69
2643.887750	259.743164	1.526585	-0.140915	71
2645.982762	259.586853	1.528175	-0.140553	73
2648.077861	259.395996	1.530127	-0.140207	75
2650.172920	259.266266	1.530450	-0.139696	77
2652.268158	259.197784	1.529680	-0.139072	79
2654.363393	259.040192	1.530721	-0.138884	81
2656.458759	259.001526	1.531624	-0.138552	83
2658.554014	258.928406	1.531912	-0.138086	85
2660.649219	258.873962	1.531691	-0.137710	87
2662.744454	258.752319	1.530598	-0.137108	89
2664.839861	258.679962	1.531422	-0.136680	91
2666.934830	258.572540	1.532643	-0.136216	93
2669.030061	258.516968	1.533253	-0.135948	95
2671.125275	258.458740	1.535904	-0.135656	97
2673.220448	258.334167	1.537021	-0.135497	99
2675.315542	258.282135	1.538487	-0.134978	101
2677.410682	258.244598	1.539148	-0.134724	103
